"","words","n","pos","neg"
"1",":(",3026,1,3025
"2",":)",2630,2630,0
"3","follow",631,385,246
"4","thank",613,519,94
"5","im",559,185,374
"6",":-)",503,503,0
"7","love",463,335,128
"8","like",362,186,176
"9","get",348,166,182
"10",":-(",332,0,332
"11","pleas",322,81,241
"12","go",303,123,180
"13","day",294,180,114
"14","good",273,190,83
"15","see",260,156,104
"16","want",256,71,185
"17","miss",255,16,239
"18","know",239,128,111
"19","back",236,139,97
"20","cant",236,44,192
"21","time",223,98,125
"22","amp",220,149,71
"23","one",210,92,118
"24","hope",204,113,91
"25","work",190,89,101
"26","look",188,111,77
"27","much",187,71,116
"28","hi",181,154,27
"29","today",181,94,87
"30","happi",178,160,18
"31","realli",169,64,105
"32","feel",163,33,130
"33","you",162,108,54
"34","make",159,69,90
"35","new",157,114,43
"36","great",151,136,15
"37","that",150,78,72
"38","need",148,62,86
"39","got",142,57,85
"40","lt3",141,119,22
"41","still",141,37,104
"42","come",136,63,73
"43","us",134,96,38
"44","well",132,78,54
"45","sorri",130,13,117
"46","ill",128,81,47
"47","it",125,80,45
"48","let",125,90,35
"49","would",124,70,54
"50","oh",122,44,78
"51","week",120,73,47
"52","think",118,54,64
"53","sad",113,6,107
"54","sleep",106,35,71
"55","peopl",102,45,57
"56","friday",101,91,10
"57",":p",100,100,0
"58",":))",98,98,0
"59","lot",98,80,18
"60","wanna",98,22,76
"61","ive",97,25,72
"62","alway",96,48,48
"63","snapchat",95,31,64
"64","guy",93,48,45
"65","tri",92,34,58
"66","last",91,39,52
"67","start",91,55,36
"68","night",90,57,33
"69","wait",90,54,36
"70","wish",90,28,62
"71","yes",90,55,35
"72","morn",89,66,23
"73","say",89,42,47
"74","thing",89,47,42
"75","nice",88,71,17
"76","watch",88,32,56
"77","help",84,40,44
"78","keep",84,53,31
"79","weekend",82,61,21
"80","via",81,73,8
"81","hey",80,60,20
"82","soon",79,38,41
"83","tweet",79,51,28
"84","even",78,26,52
"85","talk",78,37,41
"86","friend",77,46,31
"87","me",77,24,53
"88","right",77,38,39
"89","could",76,25,51
"90","play",76,37,39
"91","lol",75,45,30
"92","never",73,31,42
"93","bad",72,14,58
"94","home",72,20,52
"95","year",72,35,37
"96","better",71,40,31
"97","kik",71,16,55
"98","someon",70,29,41
"99","birthday",69,53,16
"100","give",69,42,27
"101","haha",69,45,24
"102","next",68,37,31
"103","enjoy",67,60,7
"104","find",67,22,45
"105","take",67,30,37
"106","everyon",66,45,21
"107","fuck",66,20,46
"108","fun",65,45,20
"109","yeah",65,30,35
"110","best",64,48,16
"111","sure",64,38,26
"112","way",64,33,31
"113","life",63,34,29
"114","too",63,42,21
"115","use",63,32,31
"116","first",62,40,22
"117","arriv",61,57,4
"118","unfollow",61,53,8
"119","alreadi",60,19,41
"120","gonna",60,16,44
"121","long",60,27,33
"122","though",60,16,44
"123","cute",59,22,37
"124","okay",59,31,28
"125","omg",59,12,47
"126","tomorrow",59,31,28
"127","welcom",59,54,5
"128","made",58,38,20
"129","done",57,39,18
"130","hello",57,49,8
"131","mean",57,19,38
"132","final",56,24,32
"133","happen",56,13,43
"134","live",56,23,33
"135","bestfriend",55,49,6
"136","dont",55,13,42
"137","gt",55,9,46
"138","smile",55,46,9
"139","babi",54,17,37
"140","beauti",54,44,10
"141","check",54,38,16
"142","hate",54,9,45
"143","amaz",53,41,12
"144","believ",53,7,46
"145","ok",53,28,25
"146","rain",53,17,36
"147","mani",52,28,24
"148","girl",51,34,17
"149","stat",51,51,0
"150","hear",50,24,26
"151","hour",50,24,26
"152","end",49,13,36
"153","here",49,40,9
"154","meet",49,26,23
"155","share",49,41,8
"156","stop",49,14,35
"157","support",49,25,24
"158","thought",49,21,28
"159","ur",49,30,19
"160","call",48,26,22
"161","dm",48,31,17
"162","video",48,28,20
"163","ask",47,25,22
"164","were",47,26,21
"165","xx",47,33,14
"166","also",46,29,17
"167","free",46,32,14
"168","game",46,23,23
"169","littl",46,29,17
"170","someth",46,25,21
"171","glad",45,42,3
"172","now",45,22,23
"173","twitter",45,25,20
"174","bam",44,44,0
"175","bc",44,7,37
"176","ever",44,19,25
"177","said",44,15,29
"178","sinc",44,11,33
"179","there",44,20,24
"180","warsaw",44,44,0
"181","what",44,19,25
"182","chang",43,20,23
"183","cri",43,6,37
"184","read",43,28,15
"185","retweet",43,38,5
"186","big",42,25,17
"187","hard",42,10,32
"188","job",42,34,8
"189","leav",42,12,30
"190","phone",42,16,26
"191","stay",42,21,21
"192","tell",42,22,20
"193","tire",42,5,37
"194","man",41,16,25
"195","song",41,16,25
"196","yet",41,12,29
"197","ff",40,39,1
"198","add",39,19,20
"199","awesom",39,34,5
"200","justin",39,2,37
"201","show",38,19,19
"202","team",38,25,13
"203","true",38,19,19
"204","again",37,18,19
"205","citi",37,26,11
"206","fan",37,20,17
"207","hurt",37,4,33
"208","id",37,21,16
"209","went",37,10,27
"210","world",37,22,15
"211","late",36,12,24
"212","mayb",36,17,19
"213","shit",36,11,25
"214","sound",36,20,16
"215","tonight",36,16,20
"216","wrong",36,9,27
"217","anyth",35,18,17
"218","busi",35,14,21
"219","ice",35,6,29
"220","ｍｅ",35,0,35
"221","real",35,18,17
"222","ｓｅｅ",35,0,35
"223","visit",35,25,10
"224","win",35,12,23
"225","wonder",35,26,9
"226","account",34,17,17
"227","anoth",34,16,18
"228","dream",34,17,17
"229","enough",34,16,18
"230","news",34,16,18
"231","pic",34,21,13
"232","actual",33,13,20
"233","away",33,11,22
"234","cool",33,29,4
"235","cream",33,6,27
"236","everi",33,23,10
"237","hes",33,12,21
"238","kind",33,24,9
"239","movi",33,16,17
"240","place",33,21,12
"241","plan",33,20,13
"242","sick",33,1,32
"243","stream",33,12,21
"244","top",33,29,4
"245","aw",32,2,30
"246","email",32,22,10
"247","excit",32,28,4
"248","left",32,10,22
"249","pls",32,6,26
"250","school",32,10,22
"251","tho",32,9,23
"252","weather",32,7,25
"253","book",31,15,16
"254","concert",31,22,9
"255","idea",31,23,8
"256","luck",31,26,5
"257","may",31,16,15
"258","might",31,21,10
"259","noth",31,13,18
"260","poor",31,3,28
"261","readi",31,22,9
"262","saw",31,16,15
"263","this",31,14,17
"264","appreci",30,28,2
"265","around",30,13,17
"266","hug",30,10,20
"267","month",30,12,18
"268","word",30,17,13
"269","god",29,16,13
"270","head",29,11,18
"271","hot",29,20,9
"272","kid",29,13,16
"273","pretti",29,17,12
"274","without",29,9,20
"275","ya",29,18,11
"276","bit",28,16,12
"277","close",28,12,16
"278","countri",28,22,6
"279","full",28,17,11
"280","heart",28,6,22
"281","listen",28,14,14
"282","person",28,14,14
"283","suck",28,8,20
"284","travel",28,19,9
"285","two",28,15,13
"286","wake",28,10,18
"287","ah",27,12,15
"288","blog",27,27,0
"289","communiti",27,26,1
"290","dear",27,15,12
"291","eat",27,4,23
"292","far",27,11,16
"293","least",27,14,13
"294","music",27,15,12
"295","photo",27,16,11
"296","turn",27,14,13
"297","ago",26,8,18
"298","all",26,15,11
"299","aww",26,8,18
"300","do",26,10,16
"301","fback",26,26,0
"302","must",26,14,12
"303","na",26,7,19
"304","rest",26,9,17
"305","sometim",26,11,15
"306","up",26,12,14
"307","finish",25,15,10
"308","forward",25,20,5
"309","join",25,21,4
"310","money",25,5,20
"311","notic",25,9,16
"312","old",25,12,13
"313","open",25,12,13
"314","order",25,12,13
"315","out",25,14,11
"316","pain",25,8,17
"317","post",25,16,9
"318","send",25,18,7
"319","summer",25,12,13
"320","text",25,12,13
"321","theyr",25,10,15
"322","anyway",24,14,10
"323","app",24,12,12
"324","asleep",24,7,17
"325","care",24,12,12
"326","everyth",24,10,14
"327","eye",24,12,12
"328","holiday",24,9,15
"329","mention",24,18,6
"330","name",24,12,12
"331","no",24,9,15
"332","part",24,14,10
"333","abl",23,6,17
"334","babe",23,7,16
"335","bodi",23,12,11
"336","boy",23,13,10
"337","came",23,7,16
"338","damn",23,3,20
"339","die",23,8,15
"340","famili",23,14,9
"341","followfriday",23,23,0
"342","ha",23,18,5
"343","hair",23,7,16
"344","link",23,14,9
"345","problem",23,17,6
"346","trip",23,12,11
"347","ugh",23,1,22
"348","bring",22,14,8
"349","definit",22,20,2
"350","drive",22,9,13
"351","face",22,5,17
"352","food",22,10,12
"353","juli",22,10,12
"354","later",22,12,10
"355","mine",22,11,11
"356","pass",22,10,12
"357","till",22,16,6
"358","updat",22,12,10
"359","anyon",21,7,14
"360","bore",21,6,15
"361","caus",21,11,10
"362","cheer",21,18,3
"363","design",21,18,3
"364","didnt",21,1,20
"365","either",21,10,11
"366","forget",21,16,5
"367","found",21,11,10
"368","gtgt",21,19,2
"369","hahaha",21,11,10
"370","interest",21,16,5
"371","kinda",21,12,9
"372","parti",21,8,13
"373","pick",21,11,10
"374","pictur",21,7,14
"375","put",21,11,10
"376","run",21,11,10
"377","seen",21,6,15
"378","sexi",21,8,13
"379","stori",21,10,11
"380","worri",21,16,5
"381","10",20,13,7
"382","anymor",20,3,17
"383","buy",20,10,10
"384","favourit",20,12,8
"385","funni",20,16,4
"386","gone",20,4,16
"387","guess",20,7,13
"388","member",20,14,6
"389","moment",20,8,12
"390","move",20,9,11
"391","perfect",20,18,2
"392","point",20,11,9
"393","question",20,15,5
"394","rememb",20,9,11
"395","seem",20,8,12
"396","shop",20,12,8
"397","sweet",20,15,5
"398","whi",20,3,17
"399","avail",19,8,11
"400","bro",19,17,2
"401","differ",19,10,9
"402","dog",19,7,12
"403","follback",19,18,1
"404","goodnight",19,18,1
"405","liter",19,6,13
"406","lucki",19,7,12
"407","mom",19,7,12
"408","shame",19,1,18
"409","side",19,13,6
"410","stuff",19,11,8
"411","them",19,10,9
"412","ticket",19,10,9
"413","view",19,13,6
"414","write",19,11,8
"415","wsalelov",19,14,5
"416","zayniscomingbackonjuly26",19,0,19
"417","bed",18,8,10
"418","fall",18,5,13
"419","lost",18,0,18
"420","near",18,10,8
"421","opportun",18,17,1
"422","proud",18,10,8
"423","quit",18,11,7
"424","set",18,9,9
"425","wow",18,14,4
"426","yay",18,15,3
"427",";)",17,17,0
"428","agre",17,13,4
"429","awww",17,7,10
"430","car",17,6,11
"431","cat",17,5,12
"432","chanc",17,3,14
"433","congrat",17,15,2
"434","cours",17,10,7
"435","goodby",17,5,12
"436","hous",17,5,12
"437","huhu",17,3,14
"438","idk",17,0,17
"439","manag",17,5,12
"440","messag",17,9,8
"441","mind",17,13,4
"442","onlin",17,4,13
"443","repli",17,5,12
"444","rn",17,4,13
"445","short",17,7,10
"446","sign",17,9,8
"447","so",17,7,10
"448","tbh",17,5,12
"449","train",17,7,10
"450","understand",17,6,11
"451","2015",16,8,8
"452","af",16,6,10
"453","aint",16,6,10
"454","album",16,5,11
"455","awak",16,8,8
"456","catch",16,9,7
"457","complet",16,10,6
"458","date",16,10,6
"459","dude",16,6,10
"460","flipkartfashionfriday",16,16,0
"461","hell",16,5,11
"462","hornykik",16,2,14
"463","ignor",16,1,15
"464","influenc",16,16,0
"465","insid",16,7,9
"466","invit",16,15,1
"467","is",16,8,8
"468","kikgirl",16,4,12
"469","kill",16,3,13
"470","number",16,11,5
"471","pay",16,8,8
"472","sa",16,6,10
"473","serious",16,2,14
"474","super",16,12,4
"475","unfortun",16,2,14
"476","walk",16,10,6
"477","woke",16,3,13
"478","xxx",16,9,7
"479",":-))",15,15,0
"480","answer",15,6,9
"481","connect",15,13,2
"482","els",15,10,5
"483","gift",15,7,8
"484","hai",15,7,8
"485","half",15,6,9
"486","hand",15,4,11
"487","hungri",15,2,13
"488","issu",15,7,8
"489","offer",15,7,8
"490","paper",15,3,12
"491","releas",15,11,4
"492","ruin",15,5,10
"493","sent",15,7,8
"494","store",15,12,3
"495","town",15,4,11
"496","water",15,7,8
"497","whole",15,5,10
"498","youth",15,15,0
"499","24",14,3,11
"500","almost",14,8,6
"501","ate",14,4,10
"502","bet",14,6,8
"503","black",14,4,10
"504","chat",14,9,5
"505","cold",14,1,13
"506","cut",14,1,13
"507","drink",14,7,7
"508","drop",14,8,6
"509","due",14,2,12
"510","earli",14,6,8
"511","episod",14,5,9
"512","feedback",14,10,4
"513","forgot",14,2,12
"514","heard",14,9,5
"515","high",14,6,8
"516","hit",14,11,3
"517","london",14,4,10
"518","low",14,6,8
"519","monday",14,7,7
"520","mum",14,2,12
"521","other",14,8,6
"522","probabl",14,8,6
"523","quick",14,9,5
"524","saturday",14,4,10
"525","scare",14,1,13
"526","sigh",14,3,11
"527","sir",14,10,4
"528","stage",14,2,12
"529","sun",14,6,8
"530","surpris",14,9,5
"531","three",14,8,6
"532","took",14,7,7
"533","total",14,5,9
"534","whos",14,7,7
"535","yesterday",14,5,9
"536","12",13,6,7
"537","20",13,6,7
"538","cake",13,5,8
"539","certain",13,6,7
"540","click",13,12,1
"541","fine",13,7,6
"542","fli",13,5,8
"543","how",13,5,8
"544","indiemus",13,3,10
"545","infinit",13,2,11
"546","line",13,6,7
"547","list",13,10,3
"548","pack",13,7,6
"549","plz",13,10,3
"550","product",13,10,3
"551","reason",13,10,3
"552","selfi",13,8,5
"553","sort",13,7,6
"554","stress",13,4,9
"555","stuck",13,5,8
"556","sunday",13,6,7
"557","terribl",13,2,11
"558","test",13,7,6
"559","thankyou",13,11,2
"560","thx",13,12,1
"561","told",13,4,9
"562","ubericecream",13,0,13
"563","weird",13,4,9
"564","worst",13,3,10
"565","your",13,6,7
"566","absolut",12,8,4
"567","alon",12,0,12
"568","becom",12,8,4
"569","blue",12,8,4
"570","brilliant",12,11,1
"571","brother",12,3,9
"572","btw",12,9,3
"573","chocol",12,6,6
"574","choiceinternationalartist",12,7,5
"575","convers",12,6,6
"576","deserv",12,8,4
"577","download",12,10,2
"578","dress",12,7,5
"579","easi",12,7,5
"580","fair",12,4,8
"581","favorit",12,9,3
"582","fix",12,6,6
"583","forev",12,5,7
"584","futur",12,9,3
"585","harri",12,2,10
"586","havent",12,4,8
"587","info",12,11,1
"588","jealous",12,4,8
"589","kikmeboy",12,6,6
"590","knew",12,7,5
"591","la",12,5,7
"592","light",12,5,7
"593","lmao",12,2,10
"594","model",12,6,6
"595","nope",12,7,5
"596","offic",12,6,6
"597","peac",12,8,4
"598","realiz",12,7,5
"599","receiv",12,7,5
"600","room",12,4,8
"601","season",12,5,7
"602","second",12,9,3
"603","sit",12,7,5
"604","speak",12,8,4
"605","stand",12,6,6
"606","superjunior",12,7,5
"607","teenchoic",12,7,5
"608","togeth",12,6,6
"609","touch",12,7,5
"610","wed",12,8,4
"611","wet",12,2,10
"612","wont",12,4,8
"613","wtf",12,2,10
"614","youtub",12,8,4
"615",":'(",11,0,11
"616",":*",11,7,4
"617",":/",11,5,6
"618","ad",11,10,1
"619","address",11,8,3
"620","ahh",11,4,7
"621","bae",11,4,7
"622","bday",11,8,3
"623","bitch",11,3,8
"624","block",11,2,9
"625","brain",11,9,2
"626","broken",11,3,8
"627","bye",11,5,6
"628","card",11,5,6
"629","case",11,5,6
"630","chill",11,5,6
"631","coffe",11,10,1
"632","comment",11,8,3
"633","congratul",11,9,2
"634","contact",11,4,7
"635","count",11,5,6
"636","current",11,6,5
"637","dead",11,3,8
"638","decid",11,2,9
"639","detail",11,8,3
"640","disappoint",11,1,10
"641","ear",11,9,2
"642","earlier",11,3,8
"643","event",11,9,2
"644","gotta",11,4,7
"645","group",11,7,4
"646","hold",11,4,7
"647","huge",11,9,2
"648","iphon",11,7,4
"649","kikhorni",11,1,10
"650","lil",11,4,7
"651","lunch",11,3,8
"652","mad",11,3,8
"653","min",11,7,4
"654","minut",11,5,6
"655","nobodi",11,2,9
"656","offici",11,8,3
"657","on",11,4,7
"658","origin",11,6,5
"659","outsid",11,3,8
"660","parent",11,4,7
"661","power",11,6,5
"662","pray",11,0,11
"663","rip",11,3,8
"664","rude",11,3,8
"665","save",11,6,5
"666","secret",11,9,2
"667","ship",11,7,4
"668","shot",11,6,5
"669","shout",11,11,0
"670","star",11,8,3
"671","stupid",11,4,7
"672","tour",11,4,7
"673","upset",11,1,10
"674","vote",11,6,5
"675","websit",11,6,5
"676","worth",11,9,2
"677","yep",11,6,5
"678","100",10,4,6
"679","15",10,4,6
"680","age",10,2,8
"681","allow",10,4,6
"682","annoy",10,2,8
"683","articl",10,9,1
"684","august",10,5,5
"685","bag",10,4,6
"686","bb",10,4,6
"687","break",10,5,5
"688","cancel",10,0,10
"689","choic",10,6,4
"690","collect",10,7,3
"691","dad",10,3,7
"692","dark",10,5,5
"693","dinner",10,6,4
"694","doesnt",10,6,4
"695","dot",10,8,2
"696","edit",10,6,4
"697","enter",10,9,1
"698","exact",10,5,5
"699","fail",10,3,7
"700","fav",10,10,0
"701","fell",10,2,8
"702","figur",10,5,5
"703","film",10,8,2
"704","giveaway",10,7,3
"705","googl",10,5,5
"706","gorgeous",10,9,1
"707","gut",10,0,10
"708","her",10,4,6
"709","hotel",10,5,5
"710","jame",10,7,3
"711","kikchat",10,1,9
"712","ko",10,3,7
"713","laugh",10,4,6
"714","leed",10,1,9
"715","match",10,5,5
"716","normal",10,5,5
"717","ohh",10,2,8
"718","pleasur",10,10,0
"719","quot",10,5,5
"720","shoot",10,5,5
"721","site",10,7,3
"722","slow",10,2,8
"723","small",10,2,8
"724","solo",10,4,6
"725","somewher",10,5,5
"726","sore",10,5,5
"727","special",10,7,3
"728","strong",10,6,4
"729","suppos",10,6,4
"730","tea",10,3,7
"731","to",10,5,5
"732","uk",10,4,6
"733","uniteblu",10,0,10
"734","usual",10,6,4
"735","voic",10,2,8
"736","wife",10,5,5
"737","window",10,6,4
"738","zayn",10,2,8
"739","2nd",9,5,4
"740","afternoon",9,7,2
"741","air",9,7,2
"742","airport",9,2,7
"743","amber",9,2,7
"744","anim",9,6,3
"745","apart",9,2,7
"746","appar",9,5,4
"747","aqui",9,9,0
"748","art",9,5,4
"749","ass",9,1,8
"750","awwww",9,4,5
"751","ball",9,7,2
"752","bank",9,1,8
"753","bbi",9,3,6
"754","beach",9,4,5
"755","bill",9,4,5
"756","bless",9,8,1
"757","buddi",9,7,2
"758","but",9,1,8
"759","choos",9,2,7
"760","class",9,1,8
"761","code",9,3,6
"762","colour",9,5,4
"763","comput",9,4,5
"764","confus",9,2,7
"765","cover",9,7,2
"766","emot",9,2,7
"767","fab",9,8,1
"768","fact",9,6,3
"769","fantast",9,9,0
"770","festiv",9,7,2
"771","finger",9,3,6
"772","followback",9,3,6
"773","front",9,3,6
"774","gave",9,3,6
"775","gay",9,3,6
"776","green",9,2,7
"777","greet",9,4,5
"778","grow",9,6,3
"779","horribl",9,1,8
"780","instead",9,6,3
"781","internet",9,2,7
"782","joke",9,2,7
"783","learn",9,6,3
"784","less",9,6,3
"785","load",9,1,8
"786","longer",9,1,8
"787","lose",9,2,7
"788","madrid",9,2,7
"789","matter",9,5,4
"790","more",9,4,5
"791","mr",9,3,6
"792","not",9,3,6
"793","past",9,6,3
"794","perform",9,2,7
"795","present",9,6,3
"796","prob",9,5,4
"797","project",9,6,3
"798","queen",9,6,3
"799","radio",9,5,4
"800","red",9,5,4
"801","review",9,8,1
"802","rock",9,6,3
"803","sex",9,4,5
"804","shift",9,4,5
"805","size",9,3,6
"806","skype",9,3,6
"807","sooo",9,3,6
"808","success",9,5,4
"809","sunshin",9,6,3
"810","tcot",9,0,9
"811","treat",9,4,5
"812","tuesday",9,5,4
"813","ugli",9,3,6
"814","version",9,6,3
"815","we",9,6,3
"816","weve",9,6,3
"817","xd",9,3,6
"818","yall",9,6,3
"819","yo",9,5,4
"820","act",8,6,2
"821","activ",8,2,6
"822","along",8,5,3
"823","alright",8,5,3
"824","beat",8,7,1
"825","braindot",8,8,0
"826","breakfast",8,4,4
"827","cc",8,2,6
"828","ceo1month",8,8,0
"829","channel",8,4,4
"830","chees",8,4,4
"831","crave",8,1,7
"832","creat",8,6,2
"833","door",8,3,5
"834","exam",8,4,4
"835","experi",8,6,2
"836","facebook",8,4,4
"837","facetim",8,4,4
"838","fast",8,2,6
"839","fb",8,4,4
"840","featur",8,5,3
"841","folk",8,7,1
"842","four",8,5,3
"843","fri",8,2,6
"844","goe",8,4,4
"845","gold",8,7,1
"846","gym",8,3,5
"847","hack",8,1,7
"848","hang",8,2,6
"849","him",8,5,3
"850","huh",8,2,6
"851","hurri",8,5,3
"852","imag",8,5,3
"853","inform",8,4,4
"854","instagram",8,5,3
"855","kikm",8,1,7
"856","kiksext",8,4,4
"857","limit",8,4,4
"858","loui",8,4,4
"859","main",8,7,1
"860","men",8,8,0
"861","met",8,3,5
"862","middl",8,2,6
"863","mistak",8,2,6
"864","mood",8,6,2
"865","off",8,2,6
"866","pa",8,2,6
"867","paid",8,0,8
"868","park",8,2,6
"869","pizza",8,1,7
"870","pool",8,5,3
"871","pop",8,5,3
"872","possibl",8,5,3
"873","race",8,5,3
"874","realis",8,2,6
"875","recent",8,8,0
"876","respons",8,6,2
"877","return",8,2,6
"878","roll",8,4,4
"879","rt",8,3,5
"880","safe",8,3,5
"881","sale",8,2,6
"882","schedul",8,0,8
"883","sister",8,4,4
"884","spree",8,4,4
"885","student",8,5,3
"886","taken",8,1,7
"887","teen",8,3,5
"888","tgif",8,7,1
"889","then",8,4,4
"890","tl",8,1,7
"891","tom",8,5,3
"892","trust",8,7,1
"893","vid",8,8,0
"894","white",8,2,6
"895","wick",8,8,0
"896","with",8,3,5
"897","woman",8,3,5
"898","wors",8,1,7
"899","yup",8,4,4
"900","13",7,5,2
"901","afford",7,0,7
"902","al",7,3,4
"903","ang",7,2,5
"904","angri",7,3,4
"905","anybodi",7,0,7
"906","asap",7,5,2
"907","at",7,6,1
"908","australia",7,4,3
"909","bare",7,3,4
"910","be",7,3,4
"911","bio",7,4,3
"912","bought",7,2,5
"913","box",7,2,5
"914","breath",7,3,4
"915","broadcast",7,1,6
"916","broke",7,1,6
"917","calm",7,5,2
"918","camp",7,0,7
"919","cannot",7,3,4
"920","celebr",7,4,3
"921","chicken",7,3,4
"922","clean",7,1,6
"923","clear",7,4,3
"924","colleg",7,2,5
"925","coupl",7,5,2
"926","crazi",7,3,4
"927","credit",7,4,3
"928","cuddl",7,1,6
"929","cuz",7,4,3
"930","data",7,1,6
"931","draw",7,5,2
"932","earth",7,7,0
"933","engag",7,7,0
"934","english",7,2,5
"935","entir",7,2,5
"936","everywher",7,1,6
"937","except",7,2,5
"938","expect",7,3,4
"939","expens",7,0,7
"940","extra",7,5,2
"941","feed",7,4,3
"942","felt",7,3,4
"943","fever",7,1,6
"944","flight",7,2,5
"945","garden",7,5,2
"946","goodmorn",7,7,0
"947","hahahaha",7,2,5
"948","hay",7,0,7
"949","hehe",7,7,0
"950","honest",7,5,2
"951","human",7,4,3
"952","interview",7,5,2
"953","itll",7,5,2
"954","kikmeguy",7,2,5
"955","kikmenow",7,2,5
"956","kiss",7,3,4
"957","ladi",7,5,2
"958","latest",7,4,3
"959","leagu",7,6,1
"960","leg",7,3,4
"961","lie",7,2,5
"962","likeforlik",7,0,7
"963","lone",7,0,7
"964","luke",7,3,4
"965","market",7,5,2
"966","mate",7,5,2
"967","memori",7,3,4
"968","minecraft",7,7,0
"969","mix",7,5,2
"970","ni",7,3,4
"971","nightmar",7,0,7
"972","nose",7,0,7
"973","oop",7,4,3
"974","otherwis",7,4,3
"975","outfit",7,2,5
"976","page",7,5,2
"977","paint",7,4,3
"978","player",7,4,3
"979","playlist",7,5,2
"980","plus",7,3,4
"981","price",7,3,4
"982","promis",7,4,3
"983","provid",7,4,3
"984","record",7,4,3
"985","regret",7,4,3
"986","relationship",7,3,4
"987","ride",7,5,2
"988","same",7,1,6
"989","scari",7,1,6
"990","session",7,2,5
"991","shes",7,3,4
"992","sing",7,2,5
"993","slept",7,3,4
"994","soul",7,5,2
"995","spend",7,1,6
"996","spread",7,7,0
"997","station",7,4,3
"998","step",7,3,4
"999","stomach",7,0,7
"1000","sunni",7,5,2
"1001","swear",7,3,4
"1002","tagsforlik",7,3,4
"1003","traffic",7,2,5
"1004","tv",7,4,3
"1005","twitch",7,7,0
"1006","ty",7,4,3
"1007","vacat",7,5,2
"1008","virgin",7,5,2
"1009","warm",7,4,3
"1010","wear",7,3,4
"1011","wifi",7,2,5
"1012","women",7,3,4
"1013","young",7,3,4
"1014",":-*",6,5,1
"1015","11",6,3,3
"1016","1d",6,2,4
"1017","5sos",6,2,4
"1018","acc",6,1,5
"1019","advic",6,6,0
"1020","allah",6,3,3
"1021","ami",6,4,2
"1022","android",6,4,2
"1023","angel",6,4,2
"1024","anytim",6,5,1
"1025","appl",6,3,3
"1026","appli",6,5,1
"1027","basic",6,4,2
"1028","bath",6,6,0
"1029","bi0",6,6,0
"1030","board",6,5,1
"1031","bomb",6,3,3
"1032","boyfriend",6,0,6
"1033","brand",6,6,0
"1034","burger",6,4,2
"1035","burn",6,2,4
"1036","camera",6,6,0
"1037","chelni",6,2,4
"1038","cloth",6,1,5
"1039","club",6,2,4
"1040","compani",6,3,3
"1041","consid",6,3,3
"1042","cough",6,5,1
"1043","cousin",6,3,3
"1044","crash",6,0,6
"1045","cross",6,2,4
"1046","cup",6,4,2
"1047","cuti",6,5,1
"1048","da",6,1,5
"1049","danc",6,1,5
"1050","deal",6,1,5
"1051","death",6,4,2
"1052","delay",6,1,5
"1053","dis",6,2,4
"1054","disgust",6,0,6
"1055","dms",6,3,3
"1056","entri",6,3,3
"1057","ep",6,3,3
"1058","everyday",6,1,5
"1059","fantasi",6,5,1
"1060","fish",6,4,2
"1061","forgotten",6,3,3
"1062","fr",6,3,3
"1063","freak",6,3,3
"1064","french",6,4,2
"1065","fridayfeel",6,5,1
"1066","fruit",6,4,2
"1067","goal",6,2,4
"1068","gosh",6,2,4
"1069","grand",6,4,2
"1070","grate",6,5,1
"1071","have",6,4,2
"1072","heck",6,1,5
"1073","hmm",6,2,4
"1074","imagin",6,5,1
"1075","inact",6,0,6
"1076","inde",6,6,0
"1077","injur",6,0,6
"1078","inspir",6,6,0
"1079","jack",6,3,3
"1080","jacob",6,2,4
"1081","jgh",6,4,2
"1082","jk",6,1,5
"1083","john",6,6,0
"1084","knee",6,4,2
"1085","knock",6,3,3
"1086","languag",6,1,5
"1087","law",6,2,4
"1088","liam",6,5,1
"1089","luv",6,4,2
"1090","makeup",6,1,5
"1091","mari",6,5,1
"1092","massag",6,1,5
"1093","matt",6,5,1
"1094","meant",6,2,4
"1095","mouth",6,1,5
"1096","neither",6,2,4
"1097","omegl",6,2,4
"1098","oppa",6,4,2
"1099","panda",6,5,1
"1100","physic",6,1,5
"1101","ppl",6,1,5
"1102","promot",6,3,3
"1103","quacketyquack",6,6,0
"1104","quiet",6,1,5
"1105","rang",6,2,4
"1106","recip",6,6,0
"1107","refresh",6,4,2
"1108","reject",6,0,6
"1109","relax",6,3,3
"1110","repeat",6,3,3
"1111","request",6,4,2
"1112","result",6,2,4
"1113","sam",6,2,4
"1114","scienc",6,5,1
"1115","screenshot",6,2,4
"1116","sell",6,1,5
"1117","sens",6,6,0
"1118","septemb",6,4,2
"1119","seri",6,4,2
"1120","shall",6,5,1
"1121","shoe",6,4,2
"1122","singl",6,4,2
"1123","sis",6,4,2
"1124","smart",6,5,1
"1125","spam",6,1,5
"1126","spent",6,2,4
"1127","spot",6,3,3
"1128","srsli",6,1,5
"1129","style",6,5,1
"1130","subject",6,6,0
"1131","suit",6,4,2
"1132","tag",6,5,1
"1133","tank",6,6,0
"1134","teeth",6,1,5
"1135","til",6,1,5
"1136","track",6,5,1
"1137","trend",6,2,4
"1138","truth",6,3,3
"1139","unexpect",6,4,2
"1140","unit",6,3,3
"1141","vs",6,2,4
"1142","wast",6,1,5
"1143","web",6,4,2
"1144","wednesday",6,1,5
"1145","where",6,2,4
"1146","wrote",6,3,3
"1147","younger",6,4,2
"1148","23",5,1,4
"1149","30",5,2,3
"1150","40",5,3,2
"1151","4th",5,4,1
"1152","50",5,1,4
"1153","advanc",5,1,4
"1154","adventur",5,4,1
"1155","alex",5,2,3
"1156","alot",5,2,3
"1157","am",5,3,2
"1158","amazon",5,1,4
"1159","appear",5,3,2
"1160","are",5,3,2
"1161","area",5,4,1
"1162","arm",5,3,2
"1163","asian",5,4,1
"1164","assign",5,1,4
"1165","attack",5,3,2
"1166","banana",5,1,4
"1167","begin",5,4,1
"1168","biggest",5,3,2
"1169","bird",5,3,2
"1170","blood",5,2,3
"1171","boot",5,2,3
"1172","bot",5,4,1
"1173","bother",5,2,3
"1174","bra",5,3,2
"1175","brace",5,0,5
"1176","build",5,4,1
"1177","bus",5,2,3
"1178","camsex",5,0,5
"1179","can",5,3,2
"1180","caught",5,4,1
"1181","charg",5,2,3
"1182","child",5,3,2
"1183","chris",5,0,5
"1184","cinema",5,1,4
"1185","climatechang",5,0,5
"1186","coin",5,5,0
"1187","common",5,1,4
"1188","contest",5,5,0
"1189","continu",5,4,1
"1190","copi",5,4,1
"1191","coz",5,2,3
"1192","custom",5,4,1
"1193","cycl",5,3,2
"1194","d:",5,0,5
"1195","damag",5,0,5
"1196","dat",5,1,4
"1197","dd",5,4,1
"1198","deactiv",5,0,5
"1199","decis",5,3,2
"1200","delet",5,0,5
"1201","delight",5,4,1
"1202","deliv",5,3,2
"1203","deliveri",5,3,2
"1204","delph",5,0,5
"1205","develop",5,2,3
"1206","digit",5,0,5
"1207","doctor",5,3,2
"1208","donat",5,2,3
"1209","doubl",5,2,3
"1210","down",5,5,0
"1211","dri",5,4,1
"1212","duck",5,4,1
"1213","easier",5,2,3
"1214","ed",5,0,5
"1215","effect",5,2,3
"1216","eh",5,2,3
"1217","employ",5,5,0
"1218","england",5,3,2
"1219","especi",5,3,2
"1220","everybodi",5,1,4
"1221","excel",5,5,0
"1222","fam",5,3,2
"1223","famous",5,1,4
"1224","fandom",5,3,2
"1225","fat",5,1,4
"1226","feet",5,3,2
"1227","flip",5,1,4
"1228","flow",5,5,0
"1229","flower",5,4,1
"1230","franc",5,5,0
"1231","freebiefriday",5,4,1
"1232","fresh",5,4,1
"1233","girlfriend",5,3,2
"1234","glass",5,3,2
"1235","goat",5,1,4
"1236","grade",5,4,1
"1237","grandpa",5,4,1
"1238","gtlt",5,3,2
"1239","hahah",5,0,5
"1240","hannib",5,3,2
"1241","headach",5,0,5
"1242","heavi",5,2,3
"1243","hella",5,1,4
"1244","hide",5,2,3
"1245","hill",5,4,1
"1246","hors",5,2,3
"1247","hospit",5,2,3
"1248","hun",5,2,3
"1249","icecream",5,4,1
"1250","idol",5,3,2
"1251","incred",5,5,0
"1252","isnt",5,1,4
"1253","jabongatpumaurbanstamped",5,4,1
"1254","japanes",5,2,3
"1255","jesus",5,4,1
"1256","journey",5,3,2
"1257","joy",5,3,2
"1258","jump",5,2,3
"1259","key",5,2,3
"1260","khan",5,4,1
"1261","kiksex",5,0,5
"1262","kit",5,1,4
"1263","kitchen",5,3,2
"1264","kunoriforceo",5,5,0
"1265","latin",5,5,0
"1266","launch",5,4,1
"1267","lay",5,3,2
"1268","le",5,2,3
"1269","likewis",5,4,1
"1270","lineup",5,5,0
"1271","locat",5,0,5
"1272","lover",5,4,1
"1273","lt",5,3,2
"1274","magic",5,4,1
"1275","mental",5,1,4
"1276","mi",5,3,2
"1277","michael",5,3,2
"1278","mka",5,5,0
"1279","mobil",5,3,2
"1280","mommi",5,1,4
"1281","my",5,1,4
"1282","nail",5,3,2
"1283","nap",5,3,2
"1284","nois",5,2,3
"1285","notanapolog",5,3,2
"1286","note",5,4,1
"1287","nude",5,1,4
"1288","ocean",5,1,4
"1289","oil",5,4,1
"1290","older",5,0,5
"1291","option",5,2,3
"1292","oralsex",5,1,4
"1293","otp",5,1,4
"1294","otwolgrandtrail",5,3,2
"1295","pak",5,1,4
"1296","perhap",5,3,2
"1297","photooftheday",5,3,2
"1298","plant",5,3,2
"1299","pm",5,1,4
"1300","posit",5,3,2
"1301","proper",5,1,4
"1302","propos",5,3,2
"1303","psygustokita",5,4,1
"1304","pure",5,2,3
"1305","pussi",5,3,2
"1306","rather",5,4,1
"1307","recommend",5,3,2
"1308","regular",5,2,3
"1309","remix",5,5,0
"1310","remov",5,3,2
"1311","rli",5,0,5
"1312","rose",5,3,2
"1313","rts",5,5,0
"1314","sandrabland",5,0,5
"1315","scope",5,5,0
"1316","screw",5,1,4
"1317","secur",5,2,3
"1318","selena",5,2,3
"1319","servic",5,5,0
"1320","shower",5,3,2
"1321","situat",5,3,2
"1322","skin",5,5,0
"1323","smh",5,2,3
"1324","smoke",5,3,2
"1325","snap",5,3,2
"1326","snapchatm",5,0,5
"1327","sneak",5,2,3
"1328","sold",5,0,5
"1329","son",5,4,1
"1330","soo",5,2,3
"1331","space",5,1,4
"1332","spain",5,1,4
"1333","sponsor",5,3,2
"1334","stalk",5,2,3
"1335","state",5,2,3
"1336","stock",5,3,2
"1337","studi",5,3,2
"1338","suggest",5,5,0
"1339","sunggyu",5,0,5
"1340","surviv",5,2,3
"1341","sushi",5,2,3
"1342","sweeti",5,3,2
"1343","system",5,2,3
"1344","talent",5,3,2
"1345","the",5,4,1
"1346","theyll",5,5,0
"1347","throat",5,0,5
"1348","throw",5,3,2
"1349","tip",5,4,1
"1350","trade",5,2,3
"1351","tree",5,2,3
"1352","type",5,3,2
"1353","unfair",5,0,5
"1354","unless",5,2,3
"1355","upload",5,3,2
"1356","vega",5,3,2
"1357","vehicl",5,0,5
"1358","vidcon",5,1,4
"1359","wallet",5,2,3
"1360","weight",5,5,0
"1361","whenev",5,2,3
"1362","within",5,4,1
"1363","ye",5,2,3
"1364","yt",5,2,3
"1365",":3",4,3,1
"1366","1st",4,1,3
"1367","300",4,2,2
"1368","45",4,1,3
"1369","5am",4,1,3
"1370","70",4,4,0
"1371","access",4,3,1
"1372","across",4,0,4
"1373","ahead",4,1,3
"1374","ahhh",4,1,3
"1375","alic",4,4,0
"1376","among",4,3,1
"1377","andi",4,3,1
"1378","anniversari",4,3,1
"1379","announc",4,1,3
"1380","anxieti",4,1,3
"1381","artist",4,2,2
"1382","atm",4,4,0
"1383","attent",4,3,1
"1384","aug",4,3,1
"1385","awh",4,2,2
"1386","bad4thwin",4,0,4
"1387","bakit",4,0,4
"1388","band",4,2,2
"1389","beg",4,2,2
"1390","behind",4,2,2
"1391","belat",4,3,1
"1392","belgium",4,0,4
"1393","belieb",4,3,1
"1394","bestoftheday",4,1,3
"1395","beta",4,0,4
"1396","beth",4,2,2
"1397","beyond",4,3,1
"1398","bff",4,2,2
"1399","bite",4,1,3
"1400","blond",4,2,2
"1401","bond",4,4,0
"1402","booti",4,2,2
"1403","boss",4,0,4
"1404","bottl",4,2,2
"1405","bout",4,2,2
"1406","bracelet",4,2,2
"1407","bubbl",4,3,1
"1408","buffer",4,2,2
"1409","bug",4,2,2
"1410","bush",4,2,2
"1411","campaign",4,2,2
"1412","candi",4,2,2
"1413","cast",4,1,3
"1414","chair",4,0,4
"1415","children",4,3,1
"1416","chloe",4,2,2
"1417","claim",4,1,3
"1418","classic",4,3,1
"1419","climb",4,1,3
"1420","coach",4,2,2
"1421","comic",4,1,3
"1422","compar",4,2,2
"1423","complain",4,3,1
"1424","concept",4,0,4
"1425","content",4,3,1
"1426","cos",4,1,3
"1427","cosplay",4,4,0
"1428","countrymus",4,1,3
"1429","crap",4,1,3
"1430","crush",4,3,1
"1431","daili",4,2,2
"1432","dan",4,3,1
"1433","dare",4,3,1
"1434","dave",4,4,0
"1435","decemb",4,2,2
"1436","decent",4,2,2
"1437","def",4,1,3
"1438","depend",4,2,2
"1439","depress",4,0,4
"1440","derek",4,1,3
"1441","despit",4,2,2
"1442","determin",4,2,2
"1443","di",4,2,2
"1444","diari",4,3,1
"1445","did",4,2,2
"1446","ding",4,1,3
"1447","discrimin",4,0,4
"1448","distanc",4,2,2
"1449","dj",4,2,2
"1450","donna",4,3,1
"1451","doubt",4,3,1
"1452","drag",4,0,4
"1453","drain",4,1,3
"1454","driver",4,1,3
"1455","dylan",4,1,3
"1456","egg",4,0,4
"1457","eid",4,1,3
"1458","empti",4,2,2
"1459","encor",4,0,4
"1460","error",4,0,4
"1461","esp",4,0,4
"1462","excus",4,2,2
"1463","exhaust",4,2,2
"1464","extrem",4,2,2
"1465","fabul",4,4,0
"1466","faith",4,3,1
"1467","fellow",4,3,1
"1468","femal",4,2,2
"1469","ffs",4,1,3
"1470","fifth",4,2,2
"1471","fill",4,3,1
"1472","fit",4,2,2
"1473","five",4,2,2
"1474","foot",4,0,4
"1475","forc",4,2,2
"1476","forehead",4,0,4
"1477","fra",4,0,4
"1478","frustrat",4,0,4
"1479","fulfil",4,4,0
"1480","funer",4,0,4
"1481","general",4,2,2
"1482","gf",4,2,2
"1483","gig",4,1,3
"1484","given",4,3,1
"1485","got7",4,0,4
"1486","grabe",4,0,4
"1487","graduat",4,2,2
"1488","greek",4,2,2
"1489","grey",4,1,3
"1490","gross",4,1,3
"1491","grumpi",4,0,4
"1492","gyu",4,0,4
"1493","hahahahaha",4,2,2
"1494","hain",4,2,2
"1495","handsom",4,2,2
"1496","happyfriday",4,4,0
"1497","he",4,4,0
"1498","histori",4,2,2
"1499","hiya",4,3,1
"1500","ho",4,1,3
"1501","import",4,2,2
"1502","imposs",4,0,4
"1503","imran",4,2,2
"1504","includ",4,3,1
"1505","india",4,3,1
"1506","indonesia",4,3,1
"1507","instal",4,2,2
"1508","intern",4,2,2
"1509","internship",4,3,1
"1510","interraci",4,1,3
"1511","ireland",4,2,2
"1512","isco",4,0,4
"1513","jackson",4,0,4
"1514","justinbieb",4,0,4
"1515","ka",4,2,2
"1516","kim",4,4,0
"1517","labour",4,3,1
"1518","leader",4,3,1
"1519","lesson",4,3,1
"1520","level",4,1,3
"1521","like4lik",4,0,4
"1522","lion",4,1,3
"1523","log",4,3,1
"1524","loner",4,3,1
"1525","loos",4,3,1
"1526","lord",4,3,1
"1527","loser",4,3,1
"1528","mampg",4,2,2
"1529","manual",4,2,2
"1530","marathon",4,1,3
"1531","masaantoday",4,4,0
"1532","massiv",4,1,3
"1533","maverickgam",4,0,4
"1534","media",4,3,1
"1535","mega",4,4,0
"1536","mess",4,0,4
"1537","mike",4,3,1
"1538","mile",4,3,1
"1539","mirror",4,3,1
"1540","mo",4,2,2
"1541","mother",4,2,2
"1542","mpoint",4,1,3
"1543","mubank",4,2,2
"1544","myself",4,1,3
"1545","nake",4,1,3
"1546","nation",4,3,1
"1547","nba",4,4,0
"1548","netflix",4,0,4
"1549","network",4,0,4
"1550","niall",4,0,4
"1551","none",4,1,3
"1552","nooo",4,0,4
"1553","noooo",4,0,4
"1554","notif",4,2,2
"1555","odd",4,2,2
"1556","ohhh",4,3,1
"1557","ol",4,2,2
"1558","onc",4,3,1
"1559","onto",4,3,1
"1560","ouch",4,1,3
"1561","own",4,1,3
"1562","packag",4,3,1
"1563","pari",4,2,2
"1564","particular",4,3,1
"1565","patient",4,4,0
"1566","payment",4,1,3
"1567","pc",4,3,1
"1568","peep",4,4,0
"1569","pet",4,2,2
"1570","pin",4,3,1
"1571","piss",4,2,2
"1572","plane",4,2,2
"1573","pleass",4,2,2
"1574","po",4,3,1
"1575","polit",4,2,2
"1576","prayer",4,2,2
"1577","pre",4,2,2
"1578","print",4,4,0
"1579","pro",4,3,1
"1580","process",4,4,0
"1581","program",4,4,0
"1582","public",4,3,1
"1583","purchas",4,2,2
"1584","qualiti",4,3,1
"1585","ran",4,1,3
"1586","random",4,2,2
"1587","rate",4,1,3
"1588","reach",4,1,3
"1589","reader",4,4,0
"1590","realist",4,1,3
"1591","region",4,2,2
"1592","relat",4,2,2
"1593","remind",4,2,2
"1594","repair",4,0,4
"1595","report",4,1,3
"1596","requir",4,2,2
"1597","reserv",4,4,0
"1598","retail",4,4,0
"1599","ring",4,3,1
"1600","road",4,3,1
"1601","rob",4,2,2
"1602","rough",4,3,1
"1603","round",4,2,2
"1604","royal",4,2,2
"1605","ryan",4,3,1
"1606","sandwich",4,0,4
"1607","sarah",4,4,0
"1608","sc",4,1,3
"1609","score",4,1,3
"1610","seat",4,1,3
"1611","sept",4,2,2
"1612","server",4,1,3
"1613","sever",4,3,1
"1614","sexo",4,2,2
"1615","sexual",4,0,4
"1616","shade",4,1,3
"1617","shave",4,1,3
"1618","shine",4,3,1
"1619","shirt",4,1,3
"1620","shock",4,1,3
"1621","shoulda",4,3,1
"1622","sm",4,0,4
"1623","smell",4,2,2
"1624","snake",4,1,3
"1625","snapm",4,1,3
"1626","social",4,3,1
"1627","sock",4,0,4
"1628","sophi",4,0,4
"1629","specialis",4,4,0
"1630","spell",4,4,0
"1631","sport",4,4,0
"1632","spotifi",4,3,1
"1633","stadium",4,0,4
"1634","starbuck",4,1,3
"1635","straight",4,0,4
"1636","strang",4,4,0
"1637","struggl",4,0,4
"1638","stun",4,3,1
"1639","sudden",4,0,4
"1640","survey",4,4,0
"1641","swim",4,3,1
"1642","switch",4,1,3
"1643","taco",4,2,2
"1644","tammirossm",4,0,4
"1645","tast",4,4,0
"1646","tax",4,1,3
"1647","tear",4,1,3
"1648","th",4,0,4
"1649","thermal",4,4,0
"1650","thru",4,2,2
"1651","tim",4,2,2
"1652","tmr",4,1,3
"1653","tough",4,2,2
"1654","tryna",4,1,3
"1655","tummi",4,0,4
"1656","uber",4,2,2
"1657","upvot",4,0,4
"1658","ure",4,2,2
"1659","usa",4,3,1
"1660","user",4,3,1
"1661","vine",4,1,3
"1662","volum",4,3,1
"1663","wasnt",4,1,3
"1664","wat",4,1,3
"1665","whatev",4,4,0
"1666","whatsapp",4,3,1
"1667","whilst",4,1,3
"1668","whoop",4,4,0
"1669","wide",4,2,2
"1670","will",4,3,1
"1671","wine",4,3,1
"1672","wing",4,1,3
"1673","winter",4,1,3
"1674","wolf",4,4,0
"1675","worker",4,1,3
"1676","wot",4,4,0
"1677","xbox",4,2,2
"1678","yah",4,2,2
"1679","yeahh",4,2,2
"1680","yell",4,2,2
"1681","yesss",4,4,0
"1682","yummi",4,3,1
"1683",";-)",3,3,0
"1684",":c",3,1,2
"1685","1111",3,1,2
"1686","11am",3,3,0
"1687","120",3,2,1
"1688","14",3,1,2
"1689","18",3,2,1
"1690","18th",3,1,2
"1691","22",3,2,1
"1692","247",3,1,2
"1693","24th",3,2,1
"1694","25",3,1,2
"1695","2k15",3,3,0
"1696","31",3,1,2
"1697","31st",3,2,1
"1698","333",3,1,2
"1699","34",3,3,0
"1700","35",3,2,1
"1701","3am",3,1,2
"1702","3rd",3,1,2
"1703","50000",3,3,0
"1704","72",3,0,3
"1705","a4",3,3,0
"1706","aa",3,3,0
"1707","ab",3,1,2
"1708","abroad",3,1,2
"1709","accept",3,1,2
"1710","accur",3,1,2
"1711","addict",3,3,0
"1712","addmeonsnapchat",3,1,2
"1713","ador",3,2,1
"1714","affect",3,2,1
"1715","aldub",3,2,1
"1716","alert",3,1,2
"1717","aliv",3,1,2
"1718","allerg",3,0,3
"1719","altern",3,3,0
"1720","although",3,0,3
"1721","american",3,2,1
"1722","and",3,3,0
"1723","anna",3,0,3
"1724","apexi",3,3,0
"1725","apink",3,0,3
"1726","apolog",3,2,1
"1727","approv",3,3,0
"1728","archdbanterburi",3,3,0
"1729","ariana",3,2,1
"1730","asham",3,1,2
"1731","asshol",3,2,1
"1732","attend",3,2,1
"1733","autofollow",3,3,0
"1734","avi",3,1,2
"1735","awhil",3,1,2
"1736","ba",3,1,2
"1737","background",3,2,1
"1738","bajrangibhaijaanhighestweek1",3,3,0
"1739","balanc",3,2,1
"1740","balloon",3,2,1
"1741","base",3,2,1
"1742","basket",3,2,1
"1743","batteri",3,1,2
"1744","bbmme",3,3,0
"1745","beer",3,2,1
"1746","befor",3,2,1
"1747","bellybutton",3,3,0
"1748","bf",3,2,1
"1749","bhai",3,2,1
"1750","bhi",3,2,1
"1751","bigger",3,1,2
"1752","bigjuicyselfi",3,3,0
"1753","bikini",3,3,0
"1754","bleed",3,2,1
"1755","bob",3,3,0
"1756","bonilla",3,3,0
"1757","boo",3,0,3
"1758","boob",3,1,2
"1759","bottom",3,2,1
"1760","brave",3,2,1
"1761","breakdown",3,1,2
"1762","breakup",3,0,3
"1763","bride",3,0,3
"1764","bright",3,1,2
"1765","brooklyn",3,1,2
"1766","browser",3,1,2
"1767","bruh",3,0,3
"1768","bt",3,1,2
"1769","bunch",3,1,2
"1770","burst",3,1,2
"1771","buyer",3,3,0
"1772","california",3,1,2
"1773","career",3,3,0
"1774","carolin",3,2,1
"1775","centr",3,1,2
"1776","charact",3,3,0
"1777","charger",3,2,1
"1778","checkout",3,3,0
"1779","chelsea",3,2,1
"1780","christma",3,1,2
"1781","chronicl",3,3,0
"1782","cilic",3,3,0
"1783","clap",3,3,0
"1784","clash",3,1,2
"1785","client",3,1,2
"1786","clock",3,1,2
"1787","closest",3,1,2
"1788","co",3,0,3
"1789","coat",3,3,0
"1790","codi",3,2,1
"1791","color",3,3,0
"1792","com",3,2,1
"1793","comeback",3,1,2
"1794","competit",3,1,2
"1795","concern",3,1,2
"1796","confer",3,1,2
"1797","confirm",3,3,0
"1798","construct",3,0,3
"1799","control",3,1,2
"1800","convo",3,3,0
"1801","cook",3,1,2
"1802","cope",3,0,3
"1803","corner",3,3,0
"1804","cornetto",3,0,3
"1805","couscous",3,3,0
"1806","crack",3,1,2
"1807","cricket",3,1,2
"1808","crop",3,2,1
"1809","crowd",3,2,1
"1810","crystal",3,3,0
"1811","cutest",3,1,2
"1812","daddi",3,1,2
"1813","dalla",3,0,3
"1814","dang",3,1,2
"1815","danni",3,1,2
"1816","daw",3,1,2
"1817","debut",3,1,2
"1818","defin",3,2,1
"1819","delici",3,3,0
"1820","dia",3,1,2
"1821","dick",3,0,3
"1822","difficult",3,0,3
"1823","discov",3,2,1
"1824","discuss",3,2,1
"1825","dmme",3,1,2
"1826","dnt",3,1,2
"1827","dong",3,0,3
"1828","drew",3,3,0
"1829","drunk",3,1,2
"1830","easili",3,1,2
"1831","educ",3,1,2
"1832","effort",3,1,2
"1833","elbow",3,2,1
"1834","elect",3,1,2
"1835","elli",3,3,0
"1836","em",3,2,1
"1837","encourag",3,3,0
"1838","energi",3,0,3
"1839","eng",3,1,2
"1840","eric",3,2,1
"1841","escap",3,2,1
"1842","etc",3,2,1
"1843","european",3,0,3
"1844","everytim",3,3,0
"1845","exercis",3,1,2
"1846","exist",3,1,2
"1847","fade",3,3,0
"1848","fake",3,1,2
"1849","fallen",3,0,3
"1850","familiar",3,2,1
"1851","fangirl",3,3,0
"1852","farm",3,2,1
"1853","faster",3,2,1
"1854","fave",3,3,0
"1855","fight",3,2,1
"1856","file",3,1,2
"1857","finland",3,1,2
"1858","fk",3,1,2
"1859","flat",3,2,1
"1860","fluffi",3,1,2
"1861","fml",3,0,3
"1862","fnaf",3,2,1
"1863","footi",3,0,3
"1864","for",3,2,1
"1865","forecast",3,2,1
"1866","form",3,3,0
"1867","frank",3,1,2
"1868","ft",3,3,0
"1869","fudg",3,3,0
"1870","fx",3,0,3
"1871","gain",3,3,0
"1872","gd",3,2,1
"1873","germani",3,0,3
"1874","gettin",3,1,2
"1875","gg",3,0,3
"1876","ghost",3,2,1
"1877","giant",3,0,3
"1878","gn",3,2,1
"1879","goodafternoon",3,2,1
"1880","gooday",3,3,0
"1881","goodmus",3,0,3
"1882","gotten",3,2,1
"1883","gran",3,1,2
"1884","gryph",3,3,0
"1885","gtd",3,3,0
"1886","gtdaianerufatolt",3,0,3
"1887","gud",3,3,0
"1888","guid",3,3,0
"1889","guysss",3,3,0
"1890","handl",3,1,2
"1891","har",3,0,3
"1892","hashtag",3,2,1
"1893","hat",3,1,2
"1894","hater",3,3,0
"1895","health",3,2,1
"1896","healthi",3,1,2
"1897","heat",3,2,1
"1898","height",3,1,2
"1899","hernia",3,0,3
"1900","hilari",3,3,0
"1901","hollywood",3,3,0
"1902","homework",3,1,2
"1903","homi",3,3,0
"1904","honey",3,2,1
"1905","housemus",3,3,0
"1906","howev",3,3,0
"1907","hoya",3,0,3
"1908","hulk",3,1,2
"1909","ig",3,3,0
"1910","ikr",3,1,2
"1911","ilysm",3,0,3
"1912","imi",3,0,3
"1913","in",3,2,1
"1914","inc",3,1,2
"1915","indian",3,1,2
"1916","initi",3,2,1
"1917","insecur",3,1,2
"1918","instamood",3,3,0
"1919","insur",3,1,2
"1920","intellig",3,3,0
"1921","interact",3,1,2
"1922","island",3,2,1
"1923","itali",3,2,1
"1924","item",3,2,1
"1925","itun",3,1,2
"1926","ja",3,1,2
"1927","japan",3,1,2
"1928","jay",3,3,0
"1929","jazmin",3,3,0
"1930","jean",3,1,2
"1931","jeep",3,3,0
"1932","joe",3,1,2
"1933","jojo",3,2,1
"1934","kak",3,2,1
"1935","kanina",3,1,2
"1936","kath",3,3,0
"1937","kati",3,1,2
"1938","ke",3,1,2
"1939","kfc",3,2,1
"1940","ki",3,1,2
"1941","kian",3,0,3
"1942","kick",3,0,3
"1943","kikkomansabor",3,2,1
"1944","killer",3,1,2
"1945","king",3,3,0
"1946","kms",3,1,2
"1947","korea",3,2,1
"1948","korean",3,2,1
"1949","kpop",3,1,2
"1950","kurta",3,3,0
"1951","kyli",3,0,3
"1952","lah",3,1,2
"1953","laid",3,2,1
"1954","lang",3,0,3
"1955","larg",3,3,0
"1956","larri",3,3,0
"1957","las",3,2,1
"1958","laughter",3,2,1
"1959","layout",3,2,1
"1960","lazi",3,1,2
"1961","lesbian",3,1,2
"1962","letter",3,2,1
"1963","lgbt",3,2,1
"1964","librari",3,3,0
"1965","likeforfollow",3,0,3
"1966","lip",3,1,2
"1967","lit",3,1,2
"1968","louisiana",3,0,3
"1969","mail",3,3,0
"1970","major",3,1,2
"1971","mana",3,1,2
"1972","manila",3,0,3
"1973","mark",3,1,2
"1974","marri",3,2,1
"1975","marvel",3,2,1
"1976","mass",3,1,2
"1977","matur",3,3,0
"1978","max",3,1,2
"1979","medicin",3,0,3
"1980","meh",3,0,3
"1981","merch",3,0,3
"1982","mere",3,1,2
"1983","mexico",3,2,1
"1984","milk",3,1,2
"1985","momma",3,2,1
"1986","most",3,3,0
"1987","mug",3,0,3
"1988","mutual",3,1,2
"1989","mypark",3,3,0
"1990","nah",3,0,3
"1991","naw",3,0,3
"1992","ne",3,0,3
"1993","negoti",3,0,3
"1994","neil",3,2,1
"1995","nein",3,0,3
"1996","net",3,1,2
"1997","newmus",3,1,2
"1998","ng",3,2,1
"1999","nhs",3,1,2
"2000","noo",3,0,3
"2001","noon",3,0,3
"2002","nowher",3,1,2
"2003","obsess",3,2,1
"2004","obvious",3,1,2
"2005","oct",3,1,2
"2006","often",3,2,1
"2007","op",3,2,1
"2008","organ",3,1,2
"2009","orgasm",3,1,2
"2010","ourdaughtersourprid",3,3,0
"2011","overwhelm",3,2,1
"2012","owner",3,2,1
"2013","pad",3,2,1
"2014","pamper",3,2,1
"2015","paul",3,2,1
"2016","pbb737gold",3,3,0
"2017","pe",3,0,3
"2018","peanut",3,0,3
"2019","peel",3,2,1
"2020","pero",3,0,3
"2021","photoset",3,3,0
"2022","picnic",3,2,1
"2023","piec",3,0,3
"2024","pig",3,1,2
"2025","pink",3,2,1
"2026","piti",3,2,1
"2027","poison",3,0,3
"2028","practic",3,2,1
"2029","precious",3,0,3
"2030","prefer",3,1,2
"2031","premiostumundo",3,2,1
"2032","preorder",3,3,0
"2033","prepar",3,1,2
"2034","printer",3,2,1
"2035","privat",3,1,2
"2036","prize",3,1,2
"2037","profil",3,2,1
"2038","promo",3,2,1
"2039","prove",3,3,0
"2040","ps4",3,0,3
"2041","puke",3,1,2
"2042","pump",3,2,1
"2043","push",3,1,2
"2044","raini",3,1,2
"2045","rais",3,2,1
"2046","rank",3,2,1
"2047","ray",3,2,1
"2048","repack",3,0,3
"2049","repres",3,2,1
"2050","respect",3,1,2
"2051","restrict",3,1,2
"2052","rettweet",3,3,0
"2053","rib",3,2,1
"2054","rid",3,0,3
"2055","rise",3,2,1
"2056","robert",3,1,2
"2057","rofl",3,3,0
"2058","roof",3,1,2
"2059","rotat",3,3,0
"2060","rted",3,1,2
"2061","rubber",3,3,0
"2062","rule",3,2,1
"2063","rumor",3,0,3
"2064","rush",3,1,2
"2065","sabadodeganarseguidor",3,1,2
"2066","salut",3,3,0
"2067","san",3,1,2
"2068","sat",3,0,3
"2069","scotland",3,2,1
"2070","scream",3,2,1
"2071","se",3,2,1
"2072","sea",3,2,1
"2073","search",3,0,3
"2074","section",3,2,1
"2075","seed",3,3,0
"2076","senior",3,1,2
"2077","sexygirlbypreciouslemmi",3,0,3
"2078","sexysasunday",3,1,2
"2079","shake",3,2,1
"2080","shed",3,0,3
"2081","shoulder",3,1,2
"2082","shuffl",3,0,3
"2083","signal",3,0,3
"2084","silli",3,1,2
"2085","similar",3,0,3
"2086","simpli",3,3,0
"2087","singapor",3,0,3
"2088","sj",3,0,3
"2089","skill",3,3,0
"2090","skinni",3,0,3
"2091","sleepi",3,0,3
"2092","slice",3,2,1
"2093","slight",3,1,2
"2094","sms",3,1,2
"2095","soap",3,3,0
"2096","sob",3,0,3
"2097","someday",3,2,1
"2098","soooo",3,1,2
"2099","soup",3,2,1
"2100","spanish",3,2,1
"2101","spirit",3,1,2
"2102","stab",3,0,3
"2103","starsquad",3,3,0
"2104","steam",3,1,2
"2105","stick",3,2,1
"2106","street",3,1,2
"2107","strength",3,2,1
"2108","sub",3,2,1
"2109","suffer",3,3,0
"2110","sum",3,1,2
"2111","surgeri",3,0,3
"2112","surreal",3,3,0
"2113","suspect",3,3,0
"2114","tak",3,1,2
"2115","tan",3,0,3
"2116","target",3,2,1
"2117","task",3,2,1
"2118","tattoo",3,3,0
"2119","taylor",3,1,2
"2120","teamfollowback",3,3,0
"2121","teas",3,0,3
"2122","tech",3,3,0
"2123","tee",3,3,0
"2124","teenag",3,1,2
"2125","tend",3,2,1
"2126","term",3,2,1
"2127","tf",3,0,3
"2128","theyv",3,0,3
"2129","threaten",3,1,2
"2130","throwback",3,3,0
"2131","thrown",3,1,2
"2132","thursday",3,2,1
"2133","tinder",3,1,2
"2134","tini",3,0,3
"2135","tommorow",3,3,0
"2136","toni",3,2,1
"2137","tooth",3,2,1
"2138","toward",3,2,1
"2139","toy",3,2,1
"2140","transfer",3,0,3
"2141","translat",3,1,2
"2142","trmdhesit",3,2,1
"2143","truck",3,1,2
"2144","truli",3,0,3
"2145","tt",3,1,2
"2146","tune",3,3,0
"2147","twice",3,1,2
"2148","twoof",3,3,0
"2149","typa",3,0,3
"2150","typic",3,2,1
"2151","typo",3,1,2
"2152","ulit",3,3,0
"2153","uniqu",3,2,1
"2154","unk",3,0,3
"2155","unknown",3,1,2
"2156","upcom",3,2,1
"2157","upgrad",3,2,1
"2158","upp",3,2,1
"2159","urgent",3,3,0
"2160","urself",3,1,2
"2161","useless",3,2,1
"2162","uu",3,1,2
"2163","victim",3,0,3
"2164","wardrob",3,2,1
"2165","was",3,2,1
"2166","weak",3,1,2
"2167","weapon",3,1,2
"2168","webcam",3,2,1
"2169","webcamsex",3,0,3
"2170","when",3,0,3
"2171","while",3,1,2
"2172","wild",3,1,2
"2173","winner",3,3,0
"2174","wit",3,2,1
"2175","wkend",3,3,0
"2176","woah",3,3,0
"2177","woe",3,0,3
"2178","woohoo",3,3,0
"2179","workout",3,2,1
"2180","workshop",3,2,1
"2181","worthwhil",3,3,0
"2182","xo",3,2,1
"2183","yaa",3,3,0
"2184","yaya",3,3,0
"2185","yea",3,2,1
"2186","yess",3,1,2
"2187","yogyakarta",3,3,0
"2188","yourself",3,1,2
"2189","yous",3,1,2
"2190","youuuu",3,0,3
"2191","yr",3,0,3
"2192","yum",3,2,1
"2193","zayniscomingback",3,0,3
"2194","غردلي",3,3,0
"2195","더쇼",3,0,3
"2196","에이핑크",3,0,3
"2197",NA,3,0,3
"2198",";(",2,0,2
"2199",":')",2,2,0
"2200",":o",2,0,2
"2201","0345",2,2,0
"2202","1000",2,1,1
"2203","101",2,1,1
"2204","1030",2,2,0
"2205","10am",2,2,0
"2206","1100",2,1,1
"2207","12th",2,1,1
"2208","1300",2,0,2
"2209","15th",2,2,0
"2210","17",2,2,0
"2211","19",2,0,2
"2212","200",2,2,0
"2213","2009",2,1,1
"2214","2017",2,1,1
"2215","21st",2,0,2
"2216","2weeks",2,1,1
"2217","30000",2,2,0
"2218","302",2,2,0
"2219","30th",2,1,1
"2220","452b",2,2,0
"2221","46",2,1,1
"2222","4am",2,1,1
"2223","65",2,1,1
"2224","73",2,0,2
"2225","7am",2,1,1
"2226","7th",2,1,1
"2227","80s",2,2,0
"2228","8th",2,1,1
"2229","911",2,0,2
"2230","9am",2,2,0
"2231","9pm",2,1,1
"2232","a9",2,0,2
"2233","abandon",2,1,1
"2234","abbi",2,1,1
"2235","abbymill18",2,0,2
"2236","abhi",2,2,0
"2237","abligaverins7",2,0,2
"2238","aboard",2,2,0
"2239","abt",2,1,1
"2240","abu",2,2,0
"2241","accnt",2,2,0
"2242","ach",2,0,2
"2243","acha",2,2,0
"2244","achi",2,2,0
"2245","achiev",2,2,0
"2246","acn",2,0,2
"2247","acoust",2,0,2
"2248","action",2,1,1
"2249","adam",2,1,1
"2250","admin",2,2,0
"2251","adult",2,0,2
"2252","advert",2,1,1
"2253","afang",2,2,0
"2254","aflblueshawk",2,0,2
"2255","afraid",2,1,1
"2256","ahahah",2,1,1
"2257","airforc",2,2,0
"2258","aj",2,1,1
"2259","ako",2,1,1
"2260","aku",2,1,1
"2261","akua",2,1,1
"2262","alarm",2,1,1
"2263","alter",2,1,1
"2264","amateur",2,0,2
"2265","amen",2,2,0
"2266","america",2,1,1
"2267","amin",2,1,1
"2268","amsterdam",2,1,1
"2269","an",2,0,2
"2270","angelica",2,1,1
"2271","angelo",2,1,1
"2272","ankl",2,0,2
"2273","ann",2,1,1
"2274","ano",2,0,2
"2275","anon",2,0,2
"2276","ant",2,0,2
"2277","anxious",2,1,1
"2278","anywher",2,0,2
"2279","apb",2,0,2
"2280","appeal",2,1,1
"2281","applic",2,2,0
"2282","april",2,1,1
"2283","arent",2,0,2
"2284","armor",2,0,2
"2285","arsenal",2,2,0
"2286","arummzz",2,2,0
"2287","ashton5so",2,1,1
"2288","asia",2,1,1
"2289","aski",2,0,2
"2290","associ",2,1,1
"2291","athabasca",2,0,2
"2292","atleast",2,2,0
"2293","atp",2,2,0
"2294","attempt",2,1,1
"2295","attitud",2,2,0
"2296","au",2,1,1
"2297","audienc",2,1,1
"2298","aur",2,2,0
"2299","aus",2,0,2
"2300","austin",2,1,1
"2301","author",2,2,0
"2302","avoid",2,0,2
"2303","award",2,2,0
"2304","awe",2,1,1
"2305","awwwww",2,1,1
"2306","backflip",2,2,0
"2307","backup",2,0,2
"2308","bacon",2,1,1
"2309","baggag",2,0,2
"2310","bailey",2,2,0
"2311","balik",2,1,1
"2312","ballad",2,0,2
"2313","bang",2,0,2
"2314","bani",2,0,2
"2315","bar",2,1,1
"2316","bark",2,1,1
"2317","barkada",2,1,1
"2318","basil",2,1,1
"2319","basketbal",2,2,0
"2320","bastard",2,0,2
"2321","bat",2,1,1
"2322","batalladelosgallo",2,0,2
"2323","batman",2,1,1
"2324","bay",2,1,1
"2325","bbm",2,2,0
"2326","bbmpin",2,2,0
"2327","bcoz",2,1,1
"2328","bcs",2,0,2
"2329","bear",2,1,1
"2330","bebe",2,1,1
"2331","beh",2,0,2
"2332","beirut",2,2,0
"2333","belfast",2,1,1
"2334","bell",2,1,1
"2335","ben",2,1,1
"2336","bend",2,2,0
"2337","benefit",2,2,0
"2338","benzema",2,0,2
"2339","besid",2,2,0
"2340","bffs",2,1,1
"2341","bias",2,0,2
"2342","billi",2,2,0
"2343","billion",2,1,1
"2344","bing",2,2,0
"2345","birmingham",2,1,1
"2346","birthdaaaaayyyi",2,2,0
"2347","bis",2,0,2
"2348","bish",2,0,2
"2349","bitter",2,2,0
"2350","bitti",2,2,0
"2351","blain",2,0,2
"2352","blame",2,1,1
"2353","blast",2,1,1
"2354","blend",2,2,0
"2355","bloodi",2,0,2
"2356","boat",2,2,0
"2357","bollywood",2,1,1
"2358","bone",2,1,1
"2359","bonus",2,2,0
"2360","boooo",2,0,2
"2361","born",2,1,1
"2362","botan",2,2,0
"2363","bow",2,0,2
"2364","braid",2,0,2
"2365","bravo",2,1,1
"2366","brb",2,1,1
"2367","bread",2,1,1
"2368","brian",2,2,0
"2369","brill",2,1,1
"2370","britain",2,1,1
"2371","brought",2,1,1
"2372","brow",2,1,1
"2373","brown",2,0,2
"2374","bruce",2,1,1
"2375","bruis",2,1,1
"2376","btob",2,0,2
"2377","bts",2,0,2
"2378","bubba",2,0,2
"2379","bud",2,1,1
"2380","bulli",2,0,2
"2381","bum",2,1,1
"2382","bummer",2,0,2
"2383","button",2,2,0
"2384","buzz",2,2,0
"2385","by",2,0,2
"2386","cafe",2,0,2
"2387","cage",2,0,2
"2388","calibraksaep",2,0,2
"2389","calibraskaep",2,0,2
"2390","calum",2,2,0
"2391","calum5so",2,1,1
"2392","cam",2,2,0
"2393","canon",2,1,1
"2394","canva",2,2,0
"2395","capcom",2,0,2
"2396","caramello",2,0,2
"2397","carlton",2,0,2
"2398","carol",2,2,0
"2399","carri",2,2,0
"2400","cartoon",2,1,1
"2401","cell",2,1,1
"2402","central",2,2,0
"2403","cereal",2,0,2
"2404","chain",2,1,1
"2405","chainsaw",2,2,0
"2406","chaloniklo",2,2,0
"2407","champagn",2,1,1
"2408","chant",2,2,0
"2409","charl",2,1,1
"2410","charm",2,1,1
"2411","chart",2,0,2
"2412","chek",2,2,0
"2413","chem",2,0,2
"2414","cherish",2,2,0
"2415","chin",2,0,2
"2416","china",2,2,0
"2417","chip",2,2,0
"2418","choke",2,1,1
"2419","chorong",2,1,1
"2420","christoph",2,2,0
"2421","church",2,0,2
"2422","circl",2,1,1
"2423","clark",2,1,1
"2424","clip",2,1,1
"2425","clown",2,0,2
"2426","clutch",2,1,1
"2427","cnn",2,0,2
"2428","cocktail",2,2,0
"2429","coco",2,2,0
"2430","cod",2,0,2
"2431","coff",2,2,0
"2432","coldplay",2,1,1
"2433","colin",2,1,1
"2434","collab",2,2,0
"2435","collaps",2,2,0
"2436","comfi",2,1,1
"2437","comfort",2,1,1
"2438","commit",2,0,2
"2439","companion",2,0,2
"2440","condit",2,1,1
"2441","conni",2,2,0
"2442","consol",2,1,1
"2443","constant",2,2,0
"2444","cont",2,0,2
"2445","contain",2,1,1
"2446","contestkiduniya",2,2,0
"2447","context",2,1,1
"2448","contribut",2,2,0
"2449","convinc",2,0,2
"2450","cooki",2,1,1
"2451","cop",2,1,1
"2452","correct",2,1,1
"2453","cost",2,1,1
"2454","couldv",2,0,2
"2455","counti",2,0,2
"2456","court",2,2,0
"2457","cowork",2,1,1
"2458","craaaazzyy",2,0,2
"2459","crackl",2,1,1
"2460","craft",2,2,0
"2461","creativ",2,2,0
"2462","cretaperfect4m",2,2,0
"2463","cretaperfectsuv",2,2,0
"2464","crew",2,2,0
"2465","crikey",2,0,2
"2466","crisi",2,0,2
"2467","croke",2,0,2
"2468","cs",2,1,1
"2469","cunt",2,1,1
"2470","cupcak",2,0,2
"2471","curri",2,2,0
"2472","cyber",2,1,1
"2473","cynic",2,2,0
"2474","daal",2,0,2
"2475","dah",2,2,0
"2476","dammit",2,0,2
"2477","daredevil",2,2,0
"2478","david",2,2,0
"2479","dbn",2,0,2
"2480","deaf",2,2,0
"2481","dearslim",2,2,0
"2482","debat",2,2,0
"2483","debt",2,2,0
"2484","deep",2,1,1
"2485","defend",2,2,0
"2486","degre",2,1,1
"2487","delphi",2,0,2
"2488","delv",2,2,0
"2489","demand",2,2,0
"2490","demo",2,2,0
"2491","denim",2,1,1
"2492","denmark",2,1,1
"2493","dentist",2,0,2
"2494","depart",2,2,0
"2495","desc",2,1,1
"2496","descript",2,1,1
"2497","desper",2,0,2
"2498","dessert",2,0,2
"2499","devic",2,0,2
"2500","dewsburi",2,2,0
"2501","dey",2,0,2
"2502","dialogu",2,2,0
"2503","diet",2,1,1
"2504","din",2,1,1
"2505","dire",2,0,2
"2506","direct",2,2,0
"2507","disabl",2,0,2
"2508","disc",2,1,1
"2509","disciplin",2,0,2
"2510","discoveri",2,1,1
"2511","disney",2,1,1
"2512","display",2,1,1
"2513","distract",2,1,1
"2514","doin",2,0,2
"2515","dom",2,0,2
"2516","dominion",2,2,0
"2517","dongsaeng",2,1,1
"2518","dongwoo",2,1,1
"2519","donut",2,2,0
"2520","doodl",2,2,0
"2521","doom",2,1,1
"2522","dope",2,2,0
"2523","dota",2,1,1
"2524","doug",2,2,0
"2525","dragon",2,2,0
"2526","drown",2,0,2
"2527","drug",2,1,1
"2528","dublin",2,0,2
"2529","duh",2,2,0
"2530","duke",2,2,0
"2531","dum",2,2,0
"2532","duo",2,0,2
"2533","duti",2,0,2
"2534","earring",2,0,2
"2535","ebay",2,2,0
"2536","eboni",2,0,2
"2537","ebook",2,1,1
"2538","edm",2,1,1
"2539","edsa",2,0,2
"2540","edward",2,1,1
"2541","egypt",2,1,1
"2542","elf",2,1,1
"2543","elfindelmundo",2,1,1
"2544","embarrass",2,0,2
"2545","emili",2,1,1
"2546","emir",2,2,0
"2547","emma",2,0,2
"2548","emo",2,0,2
"2549","en",2,1,1
"2550","enabl",2,1,1
"2551","entertain",2,0,2
"2552","eonni",2,1,1
"2553","epic",2,1,1
"2554","equal",2,2,0
"2555","erm",2,1,1
"2556","esteem",2,1,1
"2557","et",2,0,2
"2558","etern",2,2,0
"2559","europ",2,1,1
"2560","euuuwwww",2,0,2
"2561","eventu",2,1,1
"2562","evet",2,1,1
"2563","evil",2,1,1
"2564","ew",2,1,1
"2565","ex",2,2,0
"2566","exclud",2,0,2
"2567","exit",2,0,2
"2568","expand",2,2,0
"2569","expel",2,2,0
"2570","experienc",2,0,2
"2571","expert",2,1,1
"2572","expir",2,0,2
"2573","explain",2,2,0
"2574","explan",2,2,0
"2575","explor",2,2,0
"2576","expo",2,0,2
"2577","extern",2,0,2
"2578","extravag",2,2,0
"2579","fabian",2,0,2
"2580","factori",2,1,1
"2581","fanci",2,1,1
"2582","fani",2,1,1
"2583","fardo",2,2,0
"2584","fashion",2,2,0
"2585","father",2,0,2
"2586","fault",2,0,2
"2587","favor",2,2,0
"2588","fbc",2,0,2
"2589","fc",2,1,1
"2590","fck",2,0,2
"2591","fear",2,1,1
"2592","feetblog101",2,2,0
"2593","ffback",2,2,0
"2594","fic",2,2,0
"2595","field",2,1,1
"2596","fifa",2,1,1
"2597","fire",2,1,1
"2598","flash",2,1,1
"2599","flesh",2,1,1
"2600","flew",2,0,2
"2601","float",2,0,2
"2602","floor",2,0,2
"2603","fm",2,2,0
"2604","foh",2,2,0
"2605","foiegra",2,2,0
"2606","folder",2,1,1
"2607","forest",2,1,1
"2608","forgiv",2,2,0
"2609","fourfivesecond",2,2,0
"2610","freddi",2,2,0
"2611","freedom",2,1,1
"2612","freez",2,0,2
"2613","fridg",2,2,0
"2614","frog",2,0,2
"2615","ftw",2,0,2
"2616","fulli",2,2,0
"2617","function",2,0,2
"2618","ga",2,2,0
"2619","gagal",2,0,2
"2620","gal",2,2,0
"2621","ganda",2,1,1
"2622","gang",2,1,1
"2623","ganteng",2,1,1
"2624","geek",2,2,0
"2625","gem",2,2,0
"2626","gen",2,2,0
"2627","genuin",2,0,2
"2628","georgi",2,1,1
"2629","georgia",2,0,2
"2630","gi",2,0,2
"2631","gimm",2,0,2
"2632","glacier",2,0,2
"2633","glasgow",2,2,0
"2634","glow",2,1,1
"2635","godbless",2,2,0
"2636","gohf",2,2,0
"2637","goin",2,1,1
"2638","goodluck",2,1,1
"2639","gossip",2,2,0
"2640","grab",2,2,0
"2641","grace",2,2,0
"2642","graphic",2,2,0
"2643","grew",2,0,2
"2644","grind",2,1,1
"2645","ground",2,0,2
"2646","grown",2,0,2
"2647","guest",2,0,2
"2648","guinea",2,1,1
"2649","gujarat",2,1,1
"2650","gun",2,2,0
"2651","gurl",2,1,1
"2652","hahahah",2,0,2
"2653","haix",2,0,2
"2654","hall",2,1,1
"2655","hamster",2,0,2
"2656","hangout",2,0,2
"2657","happiest",2,2,0
"2658","happili",2,1,1
"2659","harder",2,0,2
"2660","hatr",2,2,0
"2661","hawk",2,1,1
"2662","hbd",2,1,1
"2663","hd",2,0,2
"2664","header",2,0,2
"2665","headlin",2,1,1
"2666","heartbreak",2,0,2
"2667","heath",2,0,2
"2668","heaven",2,2,0
"2669","hee",2,2,0
"2670","heed",2,0,2
"2671","heel",2,2,0
"2672","heheheh",2,2,0
"2673","heiya",2,2,0
"2674","heiyo",2,2,0
"2675","helen",2,2,0
"2676","hero",2,2,0
"2677","highvalu",2,2,0
"2678","hii",2,1,1
"2679","hiii",2,2,0
"2680","hk",2,1,1
"2681","hmmm",2,1,1
"2682","hmmmm",2,2,0
"2683","hmu",2,2,0
"2684","hogan",2,0,2
"2685","homobiphob",2,0,2
"2686","hong",2,1,1
"2687","honor",2,2,0
"2688","hoodi",2,2,0
"2689","hopeless",2,0,2
"2690","horni",2,0,2
"2691","horrif",2,0,2
"2692","host",2,1,1
"2693","hotfmnoaidilforariana",2,0,2
"2694","hotgirl",2,0,2
"2695","hp",2,0,2
"2696","hr",2,1,1
"2697","hrs",2,1,1
"2698","hua",2,0,2
"2699","hubbi",2,1,1
"2700","hugh",2,0,2
"2701","hunni",2,1,1
"2702","hush",2,0,2
"2703","hushedpinwithsammi",2,2,0
"2704","hyper",2,0,2
"2705","hz",2,0,2
"2706","iam",2,0,2
"2707","icon",2,1,1
"2708","idaho",2,0,2
"2709","ideal",2,2,0
"2710","idr",2,2,0
"2711","ign",2,2,0
"2712","ik",2,0,2
"2713","ili",2,2,0
"2714","iloveyou",2,2,0
"2715","imma",2,0,2
"2716","imo",2,0,2
"2717","impecc",2,2,0
"2718","improv",2,2,0
"2719","imysm",2,0,2
"2720","inaccess",2,2,0
"2721","inch",2,0,2
"2722","incl",2,0,2
"2723","inconsider",2,0,2
"2724","indi",2,2,0
"2725","individu",2,2,0
"2726","industri",2,1,1
"2727","infront",2,0,2
"2728","init",2,0,2
"2729","injuri",2,0,2
"2730","ink",2,0,2
"2731","inner",2,2,0
"2732","inni",2,2,0
"2733","instant",2,1,1
"2734","intellectu",2,2,0
"2735","inter",2,1,1
"2736","intro",2,2,0
"2737","introduc",2,2,0
"2738","inuyasha",2,0,2
"2739","invest",2,1,1
"2740","ip",2,1,1
"2741","iph0n",2,2,0
"2742","ipod",2,0,2
"2743","iren",2,0,2
"2744","irish",2,2,0
"2745","irl",2,0,2
"2746","irresist",2,2,0
"2747","isi",2,1,1
"2748","isol",2,1,1
"2749","itd",2,1,1
"2750","itna",2,0,2
"2751","ito",2,2,0
"2752","itti",2,2,0
"2753","jacki",2,2,0
"2754","jahat",2,0,2
"2755","jai",2,1,1
"2756","jail",2,0,2
"2757","jamesyammouni",2,1,1
"2758","jane",2,1,1
"2759","jazz",2,2,0
"2760","jennyjean22",2,1,1
"2761","jeremi",2,1,1
"2762","jersey",2,0,2
"2763","jess",2,1,1
"2764","ji",2,2,0
"2765","jillcruz18",2,0,2
"2766","jim",2,1,1
"2767","jimin",2,1,1
"2768","jonghyun",2,1,1
"2769","jordan",2,1,1
"2770","josh",2,1,1
"2771","journeyps4",2,2,0
"2772","juan",2,1,1
"2773","judg",2,2,0
"2774","june",2,0,2
"2775","junior",2,2,0
"2776","junjou",2,0,2
"2777","justic",2,1,1
"2778","justiceforsandrabland",2,0,2
"2779","karachi",2,2,0
"2780","karain",2,2,0
"2781","kareena",2,2,0
"2782","kat",2,0,2
"2783","kate",2,0,2
"2784","kaya",2,0,2
"2785","keepitloc",2,2,0
"2786","kepler",2,2,0
"2787","kepo",2,1,1
"2788","kept",2,0,2
"2789","kfckitchentour",2,2,0
"2790","khatam",2,0,2
"2791","kia",2,1,1
"2792","kidney",2,0,2
"2793","kikmsn",2,0,2
"2794","kindest",2,2,0
"2795","kindl",2,2,0
"2796","kingdom",2,1,1
"2797","kita",2,0,2
"2798","kitkat",2,0,2
"2799","kitti",2,1,1
"2800","knive",2,1,1
"2801","knowledg",2,2,0
"2802","knw",2,1,1
"2803","kong",2,1,1
"2804","kuch",2,1,1
"2805","kyle",2,1,1
"2806","l4l",2,2,0
"2807","lab",2,1,1
"2808","lack",2,2,0
"2809","ladder",2,0,2
"2810","lafayett",2,0,2
"2811","land",2,2,0
"2812","landscap",2,2,0
"2813","laomma",2,0,2
"2814","lap",2,1,1
"2815","laptop",2,1,1
"2816","laura",2,1,1
"2817","lead",2,1,1
"2818","leadership",2,2,0
"2819","leanneriner19",2,1,1
"2820","ledger",2,0,2
"2821","leftov",2,0,2
"2822","legend",2,0,2
"2823","legibl",2,0,2
"2824","legit",2,1,1
"2825","lemm",2,1,1
"2826","lemon",2,2,0
"2827","lewi",2,1,1
"2828","lick",2,1,1
"2829","lisa",2,2,0
"2830","lisaherring19",2,0,2
"2831","literatur",2,2,0
"2832","liv",2,2,0
"2833","liverpool",2,0,2
"2834","lmaoo",2,2,0
"2835","lmfao",2,0,2
"2836","lng",2,2,0
"2837","loan",2,2,0
"2838","lock",2,0,2
"2839","logo",2,2,0
"2840","loool",2,0,2
"2841","loss",2,0,2
"2842","lotsa",2,2,0
"2843","lotteri",2,1,1
"2844","loudest",2,2,0
"2845","loung",2,1,1
"2846","loyal",2,2,0
"2847","lu",2,1,1
"2848","luke5so",2,1,1
"2849","lynettelow",2,1,1
"2850","maa",2,0,2
"2851","madi",2,0,2
"2852","mag",2,0,2
"2853","maganda",2,1,1
"2854","magazin",2,2,0
"2855","mah",2,0,2
"2856","male",2,1,1
"2857","malik",2,1,1
"2858","mam",2,2,0
"2859","mama",2,1,1
"2860","manchest",2,0,2
"2861","mango",2,1,1
"2862","map",2,2,0
"2863","mapl",2,2,0
"2864","march",2,1,1
"2865","marin",2,2,0
"2866","marmit",2,2,0
"2867","marshmallow",2,0,2
"2868","mart",2,0,2
"2869","marti",2,2,0
"2870","mask",2,2,0
"2871","matchi",2,0,2
"2872","materi",2,2,0
"2873","math",2,1,1
"2874","matthew",2,1,1
"2875","maxfreshmov",2,2,0
"2876","mb",2,1,1
"2877","mbf",2,1,1
"2878","meal",2,0,2
"2879","meat",2,1,1
"2880","medic",2,1,1
"2881","megan",2,1,1
"2882","mein",2,1,1
"2883","melodi",2,1,1
"2884","melt",2,1,1
"2885","merci",2,1,1
"2886","méxico",2,1,1
"2887","mia",2,1,1
"2888","miami",2,1,1
"2889","midnight",2,1,1
"2890","migrain",2,0,2
"2891","milli",2,0,2
"2892","million",2,2,0
"2893","minist",2,2,0
"2894","mino",2,0,2
"2895","miser",2,0,2
"2896","misss",2,0,2
"2897","mist45gameplay",2,2,0
"2898","mister",2,2,0
"2899","mistress",2,2,0
"2900","mixtap",2,0,2
"2901","mjhe",2,0,2
"2902","mm",2,1,1
"2903","moar",2,2,0
"2904","mockingjay",2,1,1
"2905","mode",2,0,2
"2906","modern",2,1,1
"2907","momo",2,0,2
"2908","mon",2,2,0
"2909","monica",2,1,1
"2910","moo",2,2,0
"2911","moodbost",2,0,2
"2912","mosquito",2,0,2
"2913","mous",2,2,0
"2914","movie",2,1,1
"2915","mrs",2,1,1
"2916","msgs",2,1,1
"2917","mubarik",2,2,0
"2918","muchhh",2,1,1
"2919","mumma",2,0,2
"2920","munchkin",2,1,1
"2921","muslim",2,1,1
"2922","mypapamyprid",2,2,0
"2923","nae",2,0,2
"2924","nahi",2,1,1
"2925","nakamaforev",2,0,2
"2926","naman",2,1,1
"2927","nash",2,1,1
"2928","nasti",2,1,1
"2929","nate",2,1,1
"2930","nc",2,2,0
"2931","nearest",2,1,1
"2932","neh",2,0,2
"2933","nerd",2,2,0
"2934","nerv",2,1,1
"2935","netbal",2,1,1
"2936","nex",2,2,0
"2937","nhi",2,1,1
"2938","niamh",2,1,1
"2939","nibbl",2,2,0
"2940","nic",2,2,0
"2941","nichola",2,2,0
"2942","nigga",2,0,2
"2943","nighter",2,0,2
"2944","nike",2,1,1
"2945","nikki",2,2,0
"2946","nila",2,1,1
"2947","nintendo",2,0,2
"2948","non",2,1,1
"2949","notion",2,1,1
"2950","nsfw",2,1,1
"2951","nth",2,1,1
"2952","nvm",2,0,2
"2953","nw",2,0,2
"2954","nxt",2,1,1
"2955","odoo",2,0,2
"2956","of",2,1,1
"2957","ofc",2,1,1
"2958","offens",2,0,2
"2959","offlin",2,1,1
"2960","oitnb",2,1,1
"2961","okayi",2,2,0
"2962","olivia",2,0,2
"2963","olli",2,2,0
"2964","omfg",2,0,2
"2965","onboard",2,1,1
"2966","oo",2,1,1
"2967","opinion",2,2,0
"2968","or",2,2,0
"2969","orang",2,0,2
"2970","organis",2,1,1
"2971","os",2,1,1
"2972","otw",2,1,1
"2973","outi",2,2,0
"2974","outta",2,1,1
"2975","ov",2,0,2
"2976","oven",2,2,0
"2977","over",2,1,1
"2978","ovh",2,2,0
"2979","owwww",2,1,1
"2980","pabeb",2,0,2
"2981","pair",2,2,0
"2982","pakistan",2,1,1
"2983","pal",2,1,1
"2984","palac",2,2,0
"2985","pale",2,0,2
"2986","pancak",2,2,0
"2987","pandora",2,2,0
"2988","pant",2,1,1
"2989","parcel",2,2,0
"2990","partner",2,0,2
"2991","pas",2,0,2
"2992","path",2,1,1
"2993","patric",2,2,0
"2994","paypal",2,1,1
"2995","peek",2,2,0
"2996","perf",2,0,2
"2997","permiss",2,0,2
"2998","persona",2,1,1
"2999","pete",2,1,1
"3000","peter",2,1,1
"3001","pfb",2,1,1
"3002","ph",2,0,2
"3003","phase",2,2,0
"3004","philippa",2,2,0
"3005","philippin",2,2,0
"3006","phonesex",2,1,1
"3007","photograph",2,2,0
"3008","photoshop",2,0,2
"3009","pi",2,1,1
"3010","piano",2,0,2
"3011","pict",2,1,1
"3012","pierc",2,0,2
"3013","pile",2,2,0
"3014","pillar",2,2,0
"3015","pixar",2,2,0
"3016","pixel",2,0,2
"3017","pixgram",2,2,0
"3018","pkwalasawa",2,1,1
"3019","planet",2,2,0
"3020","plaster",2,0,2
"3021","playstat",2,0,2
"3022","plea",2,0,2
"3023","pleasant",2,2,0
"3024","pleasee",2,1,1
"3025","plot",2,0,2
"3026","plug",2,0,2
"3027","pocket",2,1,1
"3028","polic",2,0,2
"3029","popcorn",2,0,2
"3030","porn",2,0,2
"3031","porno",2,1,1
"3032","portrait",2,1,1
"3033","pose",2,2,0
"3034","poster",2,2,0
"3035","pour",2,1,1
"3036","presid",2,2,0
"3037","pressur",2,0,2
"3038","pretend",2,2,0
"3039","previous",2,0,2
"3040","pri",2,2,0
"3041","pride",2,1,1
"3042","prime",2,2,0
"3043","privileg",2,0,2
"3044","produc",2,1,1
"3045","programm",2,1,1
"3046","properti",2,2,0
"3047","protect",2,1,1
"3048","ps",2,0,2
"3049","pta",2,2,0
"3050","pub",2,1,1
"3051","puddl",2,0,2
"3052","pull",2,1,1
"3053","pumpkin",2,1,1
"3054","puppi",2,1,1
"3055","qualifi",2,0,2
"3056","racket",2,2,0
"3057","railway",2,1,1
"3058","rant",2,1,1
"3059","rare",2,1,1
"3060","raspberri",2,1,1
"3061","rat",2,0,2
"3062","razi",2,2,0
"3063","reaction",2,1,1
"3064","recit",2,2,0
"3065","recruit",2,2,0
"3066","regard",2,1,1
"3067","rehears",2,1,1
"3068","rent",2,0,2
"3069","repath",2,2,0
"3070","replac",2,0,2
"3071","replay",2,1,1
"3072","repost",2,0,2
"3073","reput",2,2,0
"3074","research",2,1,1
"3075","resid",2,2,0
"3076","respond",2,0,2
"3077","reunit",2,1,1
"3078","reveal",2,0,2
"3079","rewatch",2,1,1
"3080","rich",2,1,1
"3081","richard",2,0,2
"3082","ridicul",2,0,2
"3083","risk",2,0,2
"3084","rita",2,2,0
"3085","river",2,2,0
"3086","role",2,2,0
"3087","roller",2,2,0
"3088","romanc",2,1,1
"3089","romant",2,2,0
"3090","rout",2,2,0
"3091","routin",2,2,0
"3092","row",2,0,2
"3093","rp",2,1,1
"3094","rubbish",2,1,1
"3095","russian",2,0,2
"3096","sabah",2,2,0
"3097","saddest",2,0,2
"3098","sakit",2,0,2
"3099","sandroforceo",2,2,0
"3100","sara",2,0,2
"3101","sath",2,2,0
"3102","sauc",2,2,0
"3103","scene",2,1,1
"3104","schade",2,0,2
"3105","scheme",2,0,2
"3106","scientist",2,1,1
"3107","scorch",2,1,1
"3108","scoup",2,0,2
"3109","sehun",2,1,1
"3110","self",2,1,1
"3111","selfshot",2,0,2
"3112","sellyourcarin5word",2,2,0
"3113","sem",2,0,2
"3114","semest",2,0,2
"3115","semo",2,2,0
"3116","serv",2,1,1
"3117","sethi",2,2,0
"3118","seven",2,2,0
"3119","sexdat",2,0,2
"3120","sexyjudy19",2,2,0
"3121","sf",2,1,1
"3122","sg",2,1,1
"3123","shadi",2,1,1
"3124","shane",2,0,2
"3125","sharethelov",2,2,0
"3126","sharp",2,2,0
"3127","sheep",2,1,1
"3128","sheffield",2,1,1
"3129","shem",2,0,2
"3130","shepherd",2,0,2
"3131","shorter",2,1,1
"3132","shoshannavassil",2,1,1
"3133","shoutout",2,1,1
"3134","shut",2,0,2
"3135","sian",2,0,2
"3136","sight",2,1,1
"3137","simpl",2,1,1
"3138","skate",2,1,1
"3139","sky",2,2,0
"3140","slap",2,1,1
"3141","sleeeeep",2,0,2
"3142","slot",2,0,2
"3143","slovenia",2,2,0
"3144","slr",2,1,1
"3145","smthng",2,2,0
"3146","snsd",2,0,2
"3147","societi",2,2,0
"3148","soft",2,1,1
"3149","solut",2,1,1
"3150","solv",2,2,0
"3151","som",2,1,1
"3152","somebodi",2,1,1
"3153","somehow",2,0,2
"3154","sooooooooo",2,1,1
"3155","sour",2,1,1
"3156","sourc",2,2,0
"3157","south",2,2,0
"3158","spare",2,1,1
"3159","specif",2,0,2
"3160","speed",2,0,2
"3161","spill",2,2,0
"3162","spin",2,1,1
"3163","spring",2,1,1
"3164","st",2,0,2
"3165","stabl",2,1,1
"3166","stack",2,1,1
"3167","staff",2,1,1
"3168","stan",2,1,1
"3169","standard",2,2,0
"3170","startup",2,2,0
"3171","starv",2,0,2
"3172","stash",2,2,0
"3173","steak",2,1,1
"3174","stealth",2,0,2
"3175","steel",2,1,1
"3176","steph",2,1,1
"3177","stephani",2,2,0
"3178","steve",2,2,0
"3179","stockholm",2,1,1
"3180","stole",2,0,2
"3181","strike",2,1,1
"3182","striker",2,0,2
"3183","stripe",2,0,2
"3184","structur",2,1,1
"3185","stung",2,0,2
"3186","subscrib",2,2,0
"3187","suitcas",2,2,0
"3188","suk",2,0,2
"3189","sunburn",2,1,1
"3190","sunflow",2,2,0
"3191","superpow",2,2,0
"3192","suprem",2,1,1
"3193","surf",2,1,1
"3194","surrend",2,2,0
"3195","suspend",2,0,2
"3196","swag",2,1,1
"3197","swan",2,1,1
"3198","sweat",2,0,2
"3199","sweetbj",2,0,2
"3200","sweetest",2,1,1
"3201","swell",2,0,2
"3202","sympathi",2,1,1
"3203","sync",2,0,2
"3204","t20blast",2,1,1
"3205","ta",2,1,1
"3206","tab",2,0,2
"3207","tabl",2,0,2
"3208","tall",2,0,2
"3209","tame",2,2,0
"3210","tara",2,2,0
"3211","taxi",2,1,1
"3212","tay",2,0,2
"3213","tbt",2,1,1
"3214","teach",2,2,0
"3215","teacher",2,1,1
"3216","teaser",2,2,0
"3217","ted",2,2,0
"3218","teeni",2,2,0
"3219","telat",2,1,1
"3220","telecom",2,2,0
"3221","tempt",2,0,2
"3222","thanki",2,2,0
"3223","thanq",2,2,0
"3224","thatjust",2,1,1
"3225","theme",2,0,2
"3226","theori",2,1,1
"3227","theyd",2,0,2
"3228","third",2,1,1
"3229","thorp",2,0,2
"3230","those",2,1,1
"3231","threw",2,1,1
"3232","thrill",2,2,0
"3233","ti5",2,1,1
"3234","tidi",2,2,0
"3235","tierd",2,0,2
"3236","tight",2,1,1
"3237","titl",2,2,0
"3238","tix",2,2,0
"3239","tmrw",2,2,0
"3240","toast",2,1,1
"3241","toffe",2,0,2
"3242","tokyo",2,1,1
"3243","tomato",2,1,1
"3244","tool",2,2,0
"3245","toothsensit",2,0,2
"3246","topnewfollow",2,2,0
"3247","toss",2,1,1
"3248","tou",2,1,1
"3249","tournament",2,1,1
"3250","tracerequest",2,2,0
"3251","traffick",2,1,1
"3252","trash",2,0,2
"3253","triangl",2,2,0
"3254","trick",2,1,1
"3255","trop",2,0,2
"3256","troubl",2,1,1
"3257","tshirt",2,2,0
"3258","tunnel",2,0,2
"3259","turkey",2,1,1
"3260","turtl",2,0,2
"3261","tweak",2,1,1
"3262","tweep",2,1,1
"3263","tweetin",2,1,1
"3264","twist",2,1,1
"3265","tx",2,2,0
"3266","uh",2,0,2
"3267","ull",2,2,0
"3268","ummm",2,0,2
"3269","un",2,1,1
"3270","unabl",2,0,2
"3271","unblock",2,1,1
"3272","understood",2,1,1
"3273","uni",2,0,2
"3274","univers",2,2,0
"3275","UNK",2,1,1
"3276","unlik",2,0,2
"3277","unlucki",2,0,2
"3278","unni",2,1,1
"3279","upon",2,1,1
"3280","url",2,0,2
"3281","valentin",2,0,2
"3282","valu",2,2,0
"3283","vampir",2,2,0
"3284","van",2,0,2
"3285","venic",2,1,1
"3286","verifi",2,2,0
"3287","veriti",2,0,2
"3288","violenc",2,0,2
"3289","virtual",2,2,0
"3290","visual",2,2,0
"3291","vocal",2,1,1
"3292","volunt",2,2,0
"3293","vsco",2,2,0
"3294","vyapam",2,2,0
"3295","wag",2,1,1
"3296","wagga",2,2,0
"3297","wah",2,1,1
"3298","wall",2,1,1
"3299","wan",2,1,1
"3300","warmup",2,1,1
"3301","wash",2,1,1
"3302","wasp",2,0,2
"3303","wave",2,2,0
"3304","wayn",2,0,2
"3305","weav",2,0,2
"3306","weed",2,1,1
"3307","welcometweet",2,2,0
"3308","weloveyounamjoon",2,1,1
"3309","welsh",2,1,1
"3310","wendi",2,2,0
"3311","west",2,1,1
"3312","whatsoev",2,0,2
"3313","whip",2,1,1
"3314","whyyi",2,0,2
"3315","wii",2,0,2
"3316","wind",2,2,0
"3317","wisdom",2,0,2
"3318","wobbl",2,1,1
"3319","wolv",2,2,0
"3320","womad",2,1,1
"3321","wooftast",2,2,0
"3322","woohyun",2,0,2
"3323","woot",2,2,0
"3324","wore",2,0,2
"3325","worldwid",2,2,0
"3326","worthi",2,1,1
"3327","wouldv",2,0,2
"3328","wowwww",2,2,0
"3329","wrap",2,2,0
"3330","written",2,0,2
"3331","wsj",2,0,2
"3332","wth",2,0,2
"3333","wwat",2,2,0
"3334","wwe",2,0,2
"3335","xoxo",2,2,0
"3336","xoxoxo",2,1,1
"3337","xur",2,0,2
"3338","xxxx",2,2,0
"3339","xxxxxx",2,1,1
"3340","yaaay",2,2,0
"3341","yahoo",2,0,2
"3342","yan",2,1,1
"3343","yayi",2,2,0
"3344","yayyyi",2,1,1
"3345","yeahhh",2,1,1
"3346","yellow",2,2,0
"3347","yeol",2,0,2
"3348","yer",2,2,0
"3349","yoga",2,1,1
"3350","yogurt",2,2,0
"3351","yorkshir",2,2,0
"3352","youu",2,0,2
"3353","youuu",2,1,1
"3354","yrs",2,2,0
"3355","yu",2,1,1
"3356","yuna",2,2,0
"3357","yung",2,1,1
"3358","zach",2,1,1
"3359","zayncomebackto1d",2,0,2
"3360","zonzofox",2,2,0
"3361","zoo",2,0,2
"3362","zzz",2,1,1
"3363",";3",1,0,1
"3364",":'-)",1,1,0
"3365",":\",1,0,1
"3366",":|",1,1,0
"3367","🇫🇷",1,1,0
"3368","👆🏻",1,0,1
"3369","👊🏻",1,1,0
"3370","💅🏽",1,1,0
"3371","💪🏻",1,0,1
"3372","🙏🏻",1,0,1
"3373","00",1,1,0
"3374","000",1,1,0
"3375","0001",1,0,1
"3376","00128835",1,0,1
"3377","009",1,1,0
"3378","00962778381838",1,1,0
"3379","0100",1,1,0
"3380","0115am",1,1,0
"3381","0116am",1,1,0
"3382","01282",1,1,0
"3383","01482",1,1,0
"3384","02",1,0,1
"3385","02079",1,1,0
"3386","02392441234",1,1,0
"3387","0272",1,1,0
"3388","0330",1,1,0
"3389","0388",1,1,0
"3390","0702am",1,0,1
"3391","071",1,1,0
"3392","0717am",1,0,1
"3393","0717pm",1,0,1
"3394","0724pm",1,0,1
"3395","0725pm",1,0,1
"3396","0732pm",1,0,1
"3397","0734am",1,0,1
"3398","0878",1,1,0
"3399","089624641747",1,0,1
"3400","10000",1,1,0
"3401","100reasonstovisitmombasa",1,1,0
"3402","100times",1,1,0
"3403","1010",1,1,0
"3404","1016",1,1,0
"3405","1017",1,1,0
"3406","1020",1,1,0
"3407","1033",1,1,0
"3408","103k",1,0,1
"3409","1059",1,0,1
"3410","1093",1,1,0
"3411","10th",1,0,1
"3412","10x12",1,1,0
"3413","1100d",1,1,0
"3414","1111s",1,0,1
"3415","1115am2hours",1,0,1
"3416","1125am",1,0,1
"3417","1190",1,0,1
"3418","11pm",1,1,0
"3419","1200",1,0,1
"3420","12000",1,1,0
"3421","121st",1,0,1
"3422","1277",1,1,0
"3423","12pm",1,1,0
"3424","130",1,1,0
"3425","132",1,1,0
"3426","13m",1,0,1
"3427","13th",1,0,1
"3428","1400",1,1,0
"3429","144p",1,0,1
"3430","1451834461",1,0,1
"3431","150",1,1,0
"3432","1500",1,0,1
"3433","15000",1,1,0
"3434","150160",1,0,1
"3435","156",1,1,0
"3436","15e",1,1,0
"3437","15ml",1,1,0
"3438","16",1,1,0
"3439","1617",1,1,0
"3440","1620",1,1,0
"3441","1645",1,0,1
"3442","179",1,1,0
"3443","17th",1,0,1
"3444","18c",1,0,1
"3445","18k",1,0,1
"3446","18s",1,1,0
"3447","1900",1,0,1
"3448","190cr",1,1,0
"3449","1930",1,1,0
"3450","1948",1,0,1
"3451","1982",1,1,0
"3452","19th",1,0,1
"3453","1hr",1,1,0
"3454","1k",1,0,1
"3455","1ly",1,0,1
"3456","1pm",1,0,1
"3457","1tb",1,1,0
"3458","200000",1,1,0
"3459","200sub",1,1,0
"3460","2013",1,0,1
"3461","2016",1,0,1
"3462","20mins",1,0,1
"3463","20th",1,0,1
"3464","21",1,1,0
"3465","21pics",1,1,0
"3466","220515240515",1,0,1
"3467","221b",1,0,1
"3468","222",1,1,0
"3469","225k",1,1,0
"3470","22pics",1,1,0
"3471","22stans",1,0,1
"3472","230",1,0,1
"3473","230pm",1,0,1
"3474","23rd",1,0,1
"3475","2425",1,1,0
"3476","2500k",1,0,1
"3477","25x30",1,0,1
"3478","26",1,0,1
"3479","268",1,1,0
"3480","26th",1,0,1
"3481","26weeks",1,0,1
"3482","27",1,0,1
"3483","28",1,1,0
"3484","28th",1,1,0
"3485","29th",1,1,0
"3486","2am",1,1,0
"3487","2emt",1,1,0
"3488","2fm",1,0,1
"3489","2hrs",1,0,1
"3490","2ish",1,1,0
"3491","2k",1,1,0
"3492","2ne1",1,1,0
"3493","2nite",1,1,0
"3494","3000",1,0,1
"3495","303",1,0,1
"3496","310",1,0,1
"3497","325000",1,1,0
"3498","330670",1,1,0
"3499","330am",1,0,1
"3500","333505",1,1,0
"3501","34k",1,0,1
"3502","3d",1,1,0
"3503","3g",1,0,1
"3504","3points",1,1,0
"3505","3wks",1,0,1
"3506","4000",1,1,0
"3507","404",1,0,1
"3508","40mm",1,1,0
"3509","413am",1,1,0
"3510","415",1,1,0
"3511","418am",1,1,0
"3512","420",1,0,1
"3513","43",1,1,0
"3514","430",1,1,0
"3515","44",1,0,1
"3516","452096",1,1,0
"3517","454",1,1,0
"3518","490",1,1,0
"3519","4my",1,1,0
"3520","500",1,1,0
"3521","508",1,0,1
"3522","50cents",1,1,0
"3523","50notifications",1,1,0
"3524","50p",1,0,1
"3525","51",1,1,0
"3526","510",1,0,1
"3527","530",1,0,1
"3528","530am",1,0,1
"3529","5878e503",1,1,0
"3530","59",1,0,1
"3531","5ever",1,0,1
"3532","5h",1,0,1
"3533","5min",1,0,1
"3534","5minute",1,1,0
"3535","5pm",1,1,0
"3536","5s",1,0,1
"3537","60",1,1,0
"3538","600",1,0,1
"3539","601",1,1,0
"3540","615",1,0,1
"3541","615pm",1,1,0
"3542","624",1,1,0
"3543","6264308715",1,0,1
"3544","63",1,1,0
"3545","630",1,0,1
"3546","64",1,1,0
"3547","640",1,1,0
"3548","645k",1,1,0
"3549","68",1,0,1
"3550","6gb",1,0,1
"3551","6gs",1,0,1
"3552","6pm",1,1,0
"3553","6th",1,0,1
"3554","6yrs",1,0,1
"3555","700",1,1,0
"3556","7234",1,1,0
"3557","7292015",1,1,0
"3558","7304",1,0,1
"3559","74",1,1,0
"3560","740",1,1,0
"3561","748292",1,0,1
"3562","75x",1,1,0
"3563","76x",1,1,0
"3564","777x",1,1,0
"3565","78x",1,1,0
"3566","79x",1,1,0
"3567","7df89150",1,0,1
"3568","7elw",1,0,1
"3569","8)",1,1,0
"3570","80",1,0,1
"3571","80x",1,1,0
"3572","840",1,0,1
"3573","87",1,1,0
"3574","877",1,0,1
"3575","899",1,1,0
"3576","8pm",1,0,1
"3577","900am",1,1,0
"3578","90210",1,1,0
"3579","91130",1,1,0
"3580","915",1,0,1
"3581","925",1,1,0
"3582","930",1,0,1
"3583","948",1,0,1
"3584","95",1,1,0
"3585","9755804444",1,1,0
"3586","98",1,1,0
"3587","98fm",1,0,1
"3588","9dg",1,1,0
"3589","9muses",1,0,1
"3590","9website",1,0,1
"3591","a5",1,1,0
"3592","a6",1,1,0
"3593","a7la",1,1,0
"3594","aaaaaaaaaaa",1,0,1
"3595","aaaaaaaaaaaaa",1,0,1
"3596","aaaaaaaaaaaah",1,0,1
"3597","aaaaaand",1,1,0
"3598","aaaaag",1,0,1
"3599","aaaaahhhhhhhh",1,0,1
"3600","aaaahh",1,0,1
"3601","aaaahhh",1,1,0
"3602","aaahhh",1,1,0
"3603","aah",1,0,1
"3604","aahhhh",1,0,1
"3605","aaj",1,0,1
"3606","aameen",1,1,0
"3607","aapk",1,1,0
"3608","aaron",1,0,1
"3609","aarwwi",1,0,1
"3610","aayegi",1,1,0
"3611","abbycan",1,0,1
"3612","abe",1,1,0
"3613","abi",1,0,1
"3614","abit",1,1,0
"3615","about",1,0,1
"3616","abouty797",1,0,1
"3617","abrupt",1,0,1
"3618","abscess",1,0,1
"3619","absent",1,0,1
"3620","abstin",1,1,0
"3621","abus",1,0,1
"3622","abuti",1,1,0
"3623","acad",1,0,1
"3624","academ",1,0,1
"3625","accent",1,0,1
"3626","accessori",1,1,0
"3627","accid",1,0,1
"3628","accident",1,0,1
"3629","accommod",1,1,0
"3630","accord",1,1,0
"3631","accumul",1,1,0
"3632","ace",1,1,0
"3633","acheb",1,1,0
"3634","achievedin",1,0,1
"3635","acid",1,1,0
"3636","ack",1,1,0
"3637","acorn",1,1,0
"3638","actor",1,1,0
"3639","actress",1,1,0
"3640","actuallythough",1,1,0
"3641","ada",1,1,0
"3642","addictedtoanalsex",1,0,1
"3643","addit",1,0,1
"3644","addm",1,1,0
"3645","addmeonbbm",1,1,0
"3646","adf",1,1,0
"3647","adi",1,1,0
"3648","adida",1,0,1
"3649","adio",1,0,1
"3650","aditya",1,0,1
"3651","adolf",1,1,0
"3652","adrian",1,1,0
"3653","adu",1,0,1
"3654","advaddict15",1,1,0
"3655","advisori",1,0,1
"3656","ae",1,0,1
"3657","aerial",1,1,0
"3658","aff",1,1,0
"3659","affaraid",1,1,0
"3660","affili",1,1,0
"3661","afghanistnwar",1,0,1
"3662","africa",1,1,0
"3663","afridi",1,1,0
"3664","afropunk",1,0,1
"3665","aftenoon",1,0,1
"3666","afteral",1,1,0
"3667","afternon",1,1,0
"3668","afterschool",1,0,1
"3669","afterward",1,1,0
"3670","afterwork",1,1,0
"3671","afti",1,1,0
"3672","agaaaain",1,1,0
"3673","againand",1,0,1
"3674","againensoi",1,1,0
"3675","agayhippiehippi",1,1,0
"3676","agenc",1,0,1
"3677","agent",1,1,0
"3678","agessss",1,0,1
"3679","aggreg",1,1,0
"3680","agh",1,0,1
"3681","agil",1,1,0
"3682","agn",1,1,0
"3683","agnezmo",1,1,0
"3684","agonis",1,0,1
"3685","agover73",1,0,1
"3686","aha",1,1,0
"3687","ahah",1,1,0
"3688","ahaha",1,0,1
"3689","ahhhhh",1,0,1
"3690","ahouré",1,0,1
"3691","ai",1,1,0
"3692","aich",1,1,0
"3693","aidzin",1,1,0
"3694","aigooo",1,0,1
"3695","aim",1,1,0
"3696","airdroid",1,0,1
"3697","airec",1,1,0
"3698","airfield",1,0,1
"3699","airlin",1,1,0
"3700","aishhh",1,0,1
"3701","aisyah",1,0,1
"3702","aisyhhh",1,0,1
"3703","aja",1,1,0
"3704","aka",1,1,0
"3705","akana",1,0,1
"3706","aki",1,1,0
"3707","akon",1,0,1
"3708","akong",1,0,1
"3709","akooooooooooooooo",1,0,1
"3710","akshaymostlovedsuperstarev",1,1,0
"3711","alansmithpart2",1,1,0
"3712","albeit",1,0,1
"3713","alberta",1,0,1
"3714","alchemist",1,1,0
"3715","alcohol",1,1,0
"3716","ale",1,1,0
"3717","alek",1,1,0
"3718","alhamdulillah",1,1,0
"3719","alhamdullilah",1,1,0
"3720","alien",1,0,1
"3721","alienthought",1,1,0
"3722","alison",1,1,0
"3723","alix",1,1,0
"3724","allclear",1,1,0
"3725","allgoodthingsk",1,1,0
"3726","allgt",1,0,1
"3727","alliter",1,1,0
"3728","alllllll",1,0,1
"3729","alltim",1,1,0
"3730","alma",1,1,0
"3731","almasterband",1,1,0
"3732","alreaddyyi",1,0,1
"3733","aluminiumfre",1,1,0
"3734","alumni",1,1,0
"3735","alvadhaau",1,0,1
"3736","amargolonnard",1,0,1
"3737","amassiveoverdoseofship",1,1,0
"3738","amat",1,0,1
"3739","amb",1,0,1
"3740","ambr",1,1,0
"3741","ambros",1,1,0
"3742","amelia",1,0,1
"3743","americano",1,1,0
"3744","amiibo",1,0,1
"3745","aminn",1,0,1
"3746","aminormalyet",1,0,1
"3747","amm",1,1,0
"3748","amount",1,1,0
"3749","ampsha",1,0,1
"3750","amtir",1,0,1
"3751","amus",1,1,0
"3752","amyjackson21",1,1,0
"3753","anal",1,1,0
"3754","analyz",1,1,0
"3755","anarchi",1,0,1
"3756","anatomi",1,0,1
"3757","andal",1,1,0
"3758","andam",1,0,1
"3759","andar",1,1,0
"3760","andr",1,1,0
"3761","andrew",1,1,0
"3762","anesthesia",1,0,1
"3763","angek",1,0,1
"3764","anger",1,1,0
"3765","anghel",1,1,0
"3766","angi",1,0,1
"3767","anglenelson",1,1,0
"3768","angrynow",1,0,1
"3769","ani",1,0,1
"3770","annnd",1,0,1
"3771","annoyingbabi",1,1,0
"3772","annual",1,1,0
"3773","annyeong",1,1,0
"3774","anonym",1,1,0
"3775","anot",1,0,1
"3776","ans7gt",1,1,0
"3777","ansh",1,0,1
"3778","anta",1,0,1
"3779","antagonist",1,0,1
"3780","anthem",1,1,0
"3781","antichrist",1,1,0
"3782","anticip",1,1,0
"3783","antonio",1,0,1
"3784","anushka",1,1,0
"3785","anyar",1,0,1
"3786","anymoreeeee",1,0,1
"3787","anyonneee",1,0,1
"3788","anythin",1,0,1
"3789","anythingsur",1,0,1
"3790","anywayhedidanicejob",1,0,1
"3791","anz",1,1,0
"3792","ao",1,0,1
"3793","ap",1,0,1
"3794","ape",1,1,0
"3795","aplomb",1,1,0
"3796","apma",1,0,1
"3797","apologist",1,1,0
"3798","appa",1,1,0
"3799","appeas",1,1,0
"3800","append",1,0,1
"3801","appendix",1,0,1
"3802","appoint",1,0,1
"3803","approach",1,0,1
"3804","appropri",1,0,1
"3805","approxim",1,1,0
"3806","apt",1,0,1
"3807","aragalang08",1,0,1
"3808","araw",1,0,1
"3809","arbeloa",1,1,0
"3810","arc",1,1,0
"3811","arch",1,0,1
"3812","architectur",1,1,0
"3813","arctic",1,0,1
"3814","areadi",1,0,1
"3815","argh",1,0,1
"3816","argo",1,1,0
"3817","argu",1,1,0
"3818","arian",1,0,1
"3819","ariel",1,0,1
"3820","arini",1,0,1
"3821","ark",1,1,0
"3822","arma",1,1,0
"3823","arnd",1,1,0
"3824","arond",1,1,0
"3825","aroundat",1,1,0
"3826","arr",1,1,0
"3827","arrang",1,1,0
"3828","arrest",1,0,1
"3829","artworkbyli",1,1,0
"3830","as",1,0,1
"3831","asf",1,0,1
"3832","ash",1,1,0
"3833","ashraf",1,0,1
"3834","ashwathi",1,1,0
"3835","asid",1,1,0
"3836","askaman",1,1,0
"3837","askfinnick",1,0,1
"3838","askip",1,0,1
"3839","askurban",1,1,0
"3840","aspect",1,1,0
"3841","aspetti",1,1,0
"3842","assassin",1,0,1
"3843","assess",1,1,0
"3844","assiamain",1,1,0
"3845","assingn",1,0,1
"3846","assist",1,1,0
"3847","assum",1,0,1
"3848","assur",1,1,0
"3849","asthma",1,1,0
"3850","astonvilla",1,0,1
"3851","aswel",1,1,0
"3852","atchya",1,1,0
"3853","athena",1,1,0
"3854","athlet",1,0,1
"3855","atk",1,0,1
"3856","atl",1,1,0
"3857","atlanti",1,1,0
"3858","atlas",1,1,0
"3859","atroc",1,1,0
"3860","attach",1,0,1
"3861","atti",1,0,1
"3862","attract",1,1,0
"3863","audit",1,0,1
"3864","audraesar",1,0,1
"3865","auguri",1,1,0
"3866","aunt",1,1,0
"3867","aunti",1,1,0
"3868","aurini",1,1,0
"3869","ausfailia",1,0,1
"3870","auspost",1,1,0
"3871","austerlitz",1,1,0
"3872","autofocus",1,1,0
"3873","autofollowback",1,0,1
"3874","auvssscr",1,1,0
"3875","av",1,1,0
"3876","aval",1,0,1
"3877","averag",1,1,0
"3878","avert",1,0,1
"3879","avoplex",1,1,0
"3880","avril",1,1,0
"3881","await",1,1,0
"3882","awami",1,0,1
"3883","awar",1,1,0
"3884","awel",1,0,1
"3885","awesomee",1,1,0
"3886","awkward",1,1,0
"3887","awsm",1,0,1
"3888","awuna",1,0,1
"3889","awusasho",1,0,1
"3890","awuuuuuuuuuuuuuuuuuuuuuuuuuuuuuuuuuuuuuuuuu",1,1,0
"3891","awwhh",1,1,0
"3892","awwwwww",1,0,1
"3893","awwwwwwww",1,0,1
"3894","awwwwwwwwwww",1,0,1
"3895","axio",1,1,0
"3896","ay",1,0,1
"3897","ayala",1,0,1
"3898","ayemso",1,0,1
"3899","ayex",1,0,1
"3900","az",1,1,0
"3901","aztec",1,1,0
"3902","azzset",1,1,0
"3903","b2aa",1,0,1
"3904","b2b",1,1,0
"3905","b2c",1,1,0
"3906","b4",1,0,1
"3907","baao",1,0,1
"3908","baareeq",1,1,0
"3909","baat",1,1,0
"3910","babygirl",1,1,0
"3911","babysit",1,0,1
"3912","babyyi",1,1,0
"3913","bachpan",1,0,1
"3914","backkk",1,0,1
"3915","backstori",1,0,1
"3916","baconbutt",1,1,0
"3917","badass",1,1,0
"3918","badg",1,1,0
"3919","badlif",1,0,1
"3920","baechu",1,0,1
"3921","baechyyi",1,0,1
"3922","baek",1,0,1
"3923","baekhyun",1,1,0
"3924","bagi",1,0,1
"3925","bahari",1,1,0
"3926","bahay",1,0,1
"3927","bahayan",1,0,1
"3928","bakal",1,1,0
"3929","bakar",1,0,1
"3930","bakewel",1,0,1
"3931","bakwa",1,0,1
"3932","bald",1,0,1
"3933","bale",1,0,1
"3934","bali",1,0,1
"3935","balkan",1,1,0
"3936","baller",1,1,0
"3937","balm",1,0,1
"3938","baloch",1,1,0
"3939","baloney",1,1,0
"3940","bamp",1,0,1
"3941","banat",1,1,0
"3942","banda",1,1,0
"3943","bandana",1,0,1
"3944","bandi",1,0,1
"3945","bandung",1,0,1
"3946","bandz",1,1,0
"3947","bangalor",1,0,1
"3948","banter",1,1,0
"3949","bantim",1,1,0
"3950","baon",1,0,1
"3951","bap",1,0,1
"3952","bapak",1,0,1
"3953","bapu",1,1,0
"3954","barbel",1,0,1
"3955","barcelona",1,0,1
"3956","barcod",1,1,0
"3957","barefoot",1,0,1
"3958","barkin",1,1,0
"3959","barkkkkkkkiiidee",1,1,0
"3960","barney",1,0,1
"3961","barnstaplebideford",1,1,0
"3962","barrista",1,0,1
"3963","barsostay",1,1,0
"3964","bartend",1,0,1
"3965","basara",1,0,1
"3966","basemap",1,1,0
"3967","basenam",1,0,1
"3968","basi",1,1,0
"3969","bass",1,1,0
"3970","batb",1,1,0
"3971","batch",1,1,0
"3972","bathtub",1,0,1
"3973","battlefield",1,1,0
"3974","bawi",1,1,0
"3975","bayan",1,1,0
"3976","baymax",1,0,1
"3977","bayonetta",1,0,1
"3978","baz",1,1,0
"3979","bb17",1,0,1
"3980","bbb",1,1,0
"3981","bblf",1,0,1
"3982","bbmadeinmanila",1,0,1
"3983","bbut",1,0,1
"3984","bbygurl",1,0,1
"3985","bbz",1,0,1
"3986","bcaus",1,1,0
"3987","bcus",1,1,0
"3988","bcuz",1,1,0
"3989","bcz",1,0,1
"3990","bdayt",1,1,0
"3991","bea",1,0,1
"3992","beanatividad",1,1,0
"3993","beard",1,0,1
"3994","beardi",1,0,1
"3995","beast",1,0,1
"3996","beastmod",1,0,1
"3997","beato",1,0,1
"3998","beatport",1,1,0
"3999","beaut",1,1,0
"4000","beautiful",1,1,0
"4001","beautifullycraft",1,1,0
"4002","beautifulsweettalentedamaz",1,1,0
"4003","beb",1,0,1
"4004","bebee",1,0,1
"4005","bebeeee",1,0,1
"4006","bebii",1,0,1
"4007","bebravetoday",1,1,0
"4008","becaus",1,1,0
"4009","becauseyour",1,1,0
"4010","becho",1,0,1
"4011","bee",1,0,1
"4012","beeeeepin",1,1,0
"4013","been",1,0,1
"4014","beety697",1,0,1
"4015","beforedur",1,0,1
"4016","beforehand",1,1,0
"4017","beforewhen",1,1,0
"4018","beginn",1,1,0
"4019","beginsighps3",1,0,1
"4020","begun",1,1,0
"4021","behav",1,1,0
"4022","beheaviour",1,0,1
"4023","beij",1,1,0
"4024","bein",1,0,1
"4025","beiv",1,0,1
"4026","bek",1,0,1
"4027","bellami",1,0,1
"4028","belli",1,0,1
"4029","belt",1,0,1
"4030","beme",1,1,0
"4031","bemeapp",1,1,0
"4032","bemecod",1,1,0
"4033","benadryl",1,0,1
"4034","bencher",1,1,0
"4035","benchmark",1,1,0
"4036","benedictervent",1,0,1
"4037","bengali",1,0,1
"4038","benni",1,0,1
"4039","benson",1,1,0
"4040","bentek",1,1,0
"4041","beograd",1,1,0
"4042","beonknockknock",1,1,0
"4043","berangkaat",1,1,0
"4044","bergerac",1,1,0
"4045","berigaud",1,0,1
"4046","bes",1,0,1
"4047","besi",1,1,0
"4048","besok",1,1,0
"4049","besst",1,0,1
"4050","besteverdoctorwhoepisod",1,1,0
"4051","bestfriendsfriend",1,1,0
"4052","bestweekend",1,0,1
"4053","bethesda",1,0,1
"4054","bettor",1,0,1
"4055","bever",1,1,0
"4056","bewar",1,0,1
"4057","beyt3a2ad",1,0,1
"4058","bfr",1,1,0
"4059","bg",1,1,0
"4060","bgtau",1,0,1
"4061","bh3s",1,0,1
"4062","bhaiya",1,1,0
"4063","bheyp",1,0,1
"4064","bhk",1,1,0
"4065","bhook",1,0,1
"4066","bianca",1,0,1
"4067","bibl",1,1,0
"4068","biblethump",1,0,1
"4069","bien",1,1,0
"4070","bierc",1,1,0
"4071","bigbang",1,0,1
"4072","bigot",1,1,0
"4073","bigtim",1,0,1
"4074","bike",1,1,0
"4075","biker",1,1,0
"4076","bilal",1,0,1
"4077","bilbao",1,0,1
"4078","billionair",1,0,1
"4079","bindingofissac",1,1,0
"4080","biodivers",1,0,1
"4081","biom",1,0,1
"4082","biomass",1,0,1
"4083","bioooo",1,0,1
"4084","bip",1,1,0
"4085","bipolar",1,0,1
"4086","bir",1,1,0
"4087","birth",1,1,0
"4088","birthdaygirl",1,1,0
"4089","birthdaymonth",1,1,0
"4090","birthdaypres",1,1,0
"4091","bisexu",1,1,0
"4092","bison",1,0,1
"4093","bissmillah",1,1,0
"4094","bitchfac",1,1,0
"4095","bitin",1,0,1
"4096","bitsi",1,1,0
"4097","bittersweet",1,0,1
"4098","biz",1,1,0
"4099","bjp",1,0,1
"4100","blackberri",1,0,1
"4101","blackcountryfair",1,1,0
"4102","blackfli",1,1,0
"4103","blacklivesmatt",1,0,1
"4104","blainedarren",1,0,1
"4105","blamehoney",1,0,1
"4106","blameshoghicp",1,0,1
"4107","bland",1,0,1
"4108","blarney",1,1,0
"4109","bldg",1,0,1
"4110","bleak",1,0,1
"4111","blew",1,1,0
"4112","blight",1,0,1
"4113","blinkin",1,0,1
"4114","blockchain",1,1,0
"4115","blockjam",1,0,1
"4116","blogiversari",1,1,0
"4117","bloi",1,1,0
"4118","bloodlin",1,1,0
"4119","blooper",1,0,1
"4120","blow",1,1,0
"4121","blowjob",1,0,1
"4122","bluejay",1,1,0
"4123","blurri",1,1,0
"4124","blush",1,0,1
"4125","bna",1,0,1
"4126","bnf",1,1,0
"4127","bnte",1,1,0
"4128","bo2",1,0,1
"4129","bo3",1,0,1
"4130","boah",1,0,1
"4131","boatbound",1,1,0
"4132","boaz",1,0,1
"4133","bobbl",1,0,1
"4134","bodo",1,0,1
"4135","boggl",1,1,0
"4136","bogus",1,1,0
"4137","bohat",1,0,1
"4138","bohol",1,1,0
"4139","boi",1,1,0
"4140","boii",1,1,0
"4141","bolling",1,1,0
"4142","bom",1,1,0
"4143","bonasio",1,1,0
"4144","boner",1,0,1
"4145","boohoo",1,0,1
"4146","bookmark",1,0,1
"4147","bookreview",1,1,0
"4148","bookstor",1,1,0
"4149","boom",1,1,0
"4150","boong",1,0,1
"4151","booooor",1,0,1
"4152","booset",1,0,1
"4153","border",1,1,0
"4154","boreddd",1,0,1
"4155","boredom",1,0,1
"4156","borrow",1,1,0
"4157","bos",1,1,0
"4158","bose",1,0,1
"4159","bosen",1,0,1
"4160","botani",1,1,0
"4161","boughi",1,1,0
"4162","bowel",1,0,1
"4163","bowl",1,0,1
"4164","bowwowchicawowwow",1,1,0
"4165","boxroomcraft",1,1,0
"4166","boyirl",1,0,1
"4167","bp",1,0,1
"4168","bps",1,1,0
"4169","brad",1,0,1
"4170","brag",1,0,1
"4171","brainu",1,1,0
"4172","brake",1,0,1
"4173","brambhatt",1,1,0
"4174","branch",1,0,1
"4175","brandi",1,1,0
"4176","brasileirao",1,0,1
"4177","brawl",1,1,0
"4178","breach",1,1,0
"4179","breaktym",1,1,0
"4180","breconbeacon",1,0,1
"4181","brendon",1,0,1
"4182","brewproject",1,1,0
"4183","bri",1,0,1
"4184","brianaaaa",1,1,0
"4185","brianazabrocki",1,1,0
"4186","bridesmaid",1,0,1
"4187","brief",1,1,0
"4188","briefli",1,0,1
"4189","brienn",1,0,1
"4190","brighten",1,1,0
"4191","brighton",1,1,0
"4192","brijresid",1,1,0
"4193","briliant",1,1,0
"4194","bringmethehorizon",1,0,1
"4195","brisban",1,0,1
"4196","bristol",1,0,1
"4197","bristolart",1,1,0
"4198","brk",1,0,1
"4199","broe",1,1,0
"4200","broker",1,0,1
"4201","brolli",1,0,1
"4202","brolost",1,0,1
"4203","brook",1,0,1
"4204","bros",1,1,0
"4205","brotheeeeerrrr",1,1,0
"4206","brotherhood",1,1,0
"4207","brows",1,1,0
"4208","bruhhh",1,1,0
"4209","brum",1,0,1
"4210","bruno",1,0,1
"4211","brush",1,1,0
"4212","bruuh",1,1,0
"4213","btu",1,0,1
"4214","btwn",1,0,1
"4215","buckinghampalac",1,1,0
"4216","buckl",1,0,1
"4217","budapestgp",1,1,0
"4218","buddyyyy",1,0,1
"4219","budg",1,0,1
"4220","budget",1,0,1
"4221","bueno",1,0,1
"4222","buff",1,0,1
"4223","bugatti",1,1,0
"4224","bugbounti",1,0,1
"4225","bugger",1,0,1
"4226","bulat",1,1,0
"4227","bulet",1,0,1
"4228","bulldog",1,1,0
"4229","bulletin",1,1,0
"4230","bump",1,0,1
"4231","bun",1,0,1
"4232","bundl",1,1,0
"4233","bungi",1,0,1
"4234","bunni",1,1,0
"4235","bunso",1,0,1
"4236","bunta",1,0,1
"4237","burdensom",1,0,1
"4238","burek",1,1,0
"4239","burfday",1,1,0
"4240","buri",1,0,1
"4241","burket",1,1,0
"4242","burnout",1,1,0
"4243","burnt",1,0,1
"4244","buset",1,0,1
"4245","busier",1,0,1
"4246","busyear",1,1,0
"4247","butgood",1,1,0
"4248","buti",1,0,1
"4249","butter",1,0,1
"4250","butterfli",1,1,0
"4251","buttonhol",1,1,0
"4252","buttsex",1,0,1
"4253","buttt",1,0,1
"4254","buttttttt",1,0,1
"4255","buuuut",1,0,1
"4256","buuuuuuuut",1,1,0
"4257","buynotanapologyonitun",1,0,1
"4258","buyord",1,0,1
"4259","bv",1,0,1
"4260","c64",1,1,0
"4261","caaaannntttt",1,0,1
"4262","cabincrew",1,1,0
"4263","cabl",1,0,1
"4264","cactus",1,0,1
"4265","caesarspalac",1,0,1
"4266","cag",1,0,1
"4267","cajun",1,1,0
"4268","cajunchicken",1,1,0
"4269","cakehamp",1,1,0
"4270","cakei",1,1,0
"4271","caketenerina",1,1,0
"4272","cala",1,1,0
"4273","cali",1,0,1
"4274","calibraska",1,0,1
"4275","califor",1,0,1
"4276","calli",1,1,0
"4277","callinganimalabusehotlineasap",1,1,0
"4278","cam4",1,1,0
"4279","camara",1,0,1
"4280","cambridg",1,0,1
"4281","camillus",1,1,0
"4282","campsit",1,0,1
"4283","campus",1,1,0
"4284","canadian",1,0,1
"4285","canal",1,1,0
"4286","canamp39t",1,0,1
"4287","canaria",1,1,0
"4288","canario",1,0,1
"4289","candl",1,0,1
"4290","canopi",1,1,0
"4291","cantik",1,1,0
"4292","capee",1,0,1
"4293","captur",1,1,0
"4294","cara",1,0,1
"4295","caradelevingn",1,1,0
"4296","cardi",1,1,0
"4297","cardio",1,1,0
"4298","cardsstationeri",1,1,0
"4299","carefulnamecheck",1,0,1
"4300","caribbean",1,0,1
"4301","carmel",1,1,0
"4302","carmen",1,0,1
"4303","carniv",1,1,0
"4304","carpet",1,1,0
"4305","carriag",1,0,1
"4306","carriageway",1,0,1
"4307","carrot",1,0,1
"4308","cart",1,0,1
"4309","carva",1,0,1
"4310","cash",1,0,1
"4311","casilla",1,0,1
"4312","cass",1,1,0
"4313","castl",1,1,0
"4314","catami",1,1,0
"4315","catchi",1,1,0
"4316","cathi",1,0,1
"4317","catho",1,1,0
"4318","catspj",1,1,0
"4319","cauliflow",1,1,0
"4320","cayton",1,0,1
"4321","cb",1,0,1
"4322","cd",1,0,1
"4323","ce",1,0,1
"4324","celebratio",1,1,0
"4325","cement",1,0,1
"4326","center",1,0,1
"4327","centralis",1,0,1
"4328","centrifug",1,1,0
"4329","centuri",1,1,0
"4330","cerbchan",1,1,0
"4331","certainti",1,1,0
"4332","certif",1,1,0
"4333","cess",1,1,0
"4334","chaddi",1,1,0
"4335","chaerin",1,1,0
"4336","chal",1,0,1
"4337","chalet",1,0,1
"4338","challo",1,0,1
"4339","chalna",1,1,0
"4340","chalut",1,1,0
"4341","champion",1,1,0
"4342","chan",1,1,0
"4343","chandauli",1,0,1
"4344","chanelburberryprada",1,0,1
"4345","chanhun",1,1,0
"4346","chao",1,1,0
"4347","chaotic",1,1,0
"4348","chap",1,0,1
"4349","chapter",1,0,1
"4350","char",1,0,1
"4351","charad",1,0,1
"4352","charcoal",1,0,1
"4353","charismat",1,1,0
"4354","chariti",1,1,0
"4355","charlott",1,1,0
"4356","chase",1,1,0
"4357","chateau",1,1,0
"4358","chati",1,1,0
"4359","chau",1,1,0
"4360","cheap",1,1,0
"4361","cheapest",1,1,0
"4362","cheat",1,0,1
"4363","cheatday",1,0,1
"4364","checkup",1,1,0
"4365","cheek",1,0,1
"4366","cheeki",1,0,1
"4367","cheerio",1,1,0
"4368","cheesydelight",1,1,0
"4369","cheetah",1,1,0
"4370","chef",1,1,0
"4371","chel",1,0,1
"4372","cheltenham",1,1,0
"4373","chemic",1,0,1
"4374","chenab",1,1,0
"4375","cherri",1,0,1
"4376","cheshir",1,1,0
"4377","chesti",1,0,1
"4378","cheung",1,1,0
"4379","chew",1,0,1
"4380","chibi",1,1,0
"4381","chick",1,1,0
"4382","chickfila",1,0,1
"4383","chickmt123",1,0,1
"4384","chicsirif",1,0,1
"4385","chikka",1,0,1
"4386","childhood",1,0,1
"4387","chillin",1,1,0
"4388","chillinwith",1,0,1
"4389","chilton",1,0,1
"4390","chinua",1,1,0
"4391","chipotl",1,0,1
"4392","chiquito",1,1,0
"4393","chocolatey",1,1,0
"4394","choir",1,1,0
"4395","choker",1,1,0
"4396","chokki",1,0,1
"4397","choma",1,0,1
"4398","choo",1,1,0
"4399","chop",1,0,1
"4400","choppi",1,0,1
"4401","choregraph",1,0,1
"4402","choreo",1,0,1
"4403","choreograph",1,0,1
"4404","choroo",1,1,0
"4405","chose",1,0,1
"4406","chosen",1,1,0
"4407","christ",1,0,1
"4408","christen",1,1,0
"4409","christi",1,0,1
"4410","christian",1,1,0
"4411","christina",1,1,0
"4412","chrome",1,1,0
"4413","chrompet",1,0,1
"4414","chronic",1,1,0
"4415","chswiyfxcskcalum",1,0,1
"4416","chu",1,1,0
"4417","chuckin",1,0,1
"4418","chuckl",1,1,0
"4419","chum",1,0,1
"4420","churro",1,0,1
"4421","chute",1,1,0
"4422","chwang",1,0,1
"4423","chweet",1,1,0
"4424","chweina",1,1,0
"4425","ciao",1,0,1
"4426","ciara",1,0,1
"4427","cider",1,1,0
"4428","cigar",1,0,1
"4429","cikaaa",1,1,0
"4430","cimbom",1,1,0
"4431","cinepambata",1,1,0
"4432","cintiq",1,0,1
"4433","circuit",1,0,1
"4434","circuscircus",1,1,0
"4435","citizen",1,0,1
"4436","civ",1,0,1
"4437","civil",1,1,0
"4438","cjradacomateada",1,1,0
"4439","clan",1,0,1
"4440","clandestin",1,0,1
"4441","clapham",1,0,1
"4442","classi",1,0,1
"4443","classicassur",1,1,0
"4444","classmat",1,0,1
"4445","claw",1,1,0
"4446","cleans",1,1,0
"4447","clich",1,0,1
"4448","clicksco",1,1,0
"4449","clientamendsedit5finalfinalfinalpdf",1,1,0
"4450","clientvisit",1,1,0
"4451","climat",1,0,1
"4452","clinton",1,1,0
"4453","clonmel",1,1,0
"4454","closer",1,0,1
"4455","closerchas",1,1,0
"4456","closet",1,0,1
"4457","cmon",1,1,0
"4458","cnblue",1,1,0
"4459","cnt",1,0,1
"4460","coaster",1,1,0
"4461","coca",1,1,0
"4462","cock",1,0,1
"4463","cocki",1,1,0
"4464","cocktaili",1,0,1
"4465","cocoar",1,1,0
"4466","coconut",1,1,0
"4467","coffeeweekday",1,1,0
"4468","coincid",1,0,1
"4469","cola",1,1,0
"4470","colder",1,0,1
"4471","coldest",1,0,1
"4472","collabor",1,0,1
"4473","collag",1,1,0
"4474","collar",1,0,1
"4475","colleagu",1,0,1
"4476","collin",1,0,1
"4477","cologn",1,0,1
"4478","colombia",1,0,1
"4479","combat",1,0,1
"4480","comedi",1,1,0
"4481","comet",1,1,0
"4482","comma",1,1,0
"4483","commerci",1,1,0
"4484","commiss",1,0,1
"4485","communal",1,1,0
"4486","comp",1,1,0
"4487","comparison",1,0,1
"4488","compens",1,1,0
"4489","compet",1,0,1
"4490","complaint",1,0,1
"4491","complic",1,1,0
"4492","compliment",1,1,0
"4493","compos",1,1,0
"4494","con",1,1,0
"4495","concertd",1,1,0
"4496","concordia",1,1,0
"4497","condemn",1,0,1
"4498","confess",1,1,0
"4499","confetti",1,0,1
"4500","confid",1,0,1
"4501","confisc",1,0,1
"4502","conflict",1,1,0
"4503","congraaat",1,1,0
"4504","congradu",1,1,0
"4505","congratz",1,1,0
"4506","congrtaualt",1,1,0
"4507","connor",1,0,1
"4508","consent",1,1,0
"4509","conserv",1,1,0
"4510","consider",1,1,0
"4511","consist",1,1,0
"4512","consult",1,1,0
"4513","consum",1,0,1
"4514","consumer",1,1,0
"4515","contectu",1,1,0
"4516","contempl",1,1,0
"4517","contemporari",1,0,1
"4518","contend",1,0,1
"4519","contin",1,1,0
"4520","contract",1,1,0
"4521","contractu",1,1,0
"4522","contradict",1,1,0
"4523","contrast",1,1,0
"4524","controversi",1,0,1
"4525","conven",1,0,1
"4526","convent",1,1,0
"4527","convict",1,1,0
"4528","cooler",1,0,1
"4529","cooper",1,0,1
"4530","corbyn",1,0,1
"4531","corey",1,0,1
"4532","cori",1,0,1
"4533","corinehurleigh",1,0,1
"4534","cornish",1,1,0
"4535","cornwal",1,0,1
"4536","corridor",1,1,0
"4537","corrupt",1,0,1
"4538","cortezsuperstar",1,1,0
"4539","cosa",1,1,0
"4540","cosi",1,1,0
"4541","cosmovisiontoo",1,1,0
"4542","cosplayprogress",1,1,0
"4543","costacc",1,1,0
"4544","cotton",1,0,1
"4545","couch",1,1,0
"4546","couldnt",1,1,0
"4547","councillor",1,0,1
"4548","countdown",1,0,1
"4549","countless",1,0,1
"4550","counts2nd",1,0,1
"4551","countthecost",1,0,1
"4552","courag",1,0,1
"4553","courgett",1,1,0
"4554","courier",1,1,0
"4555","course",1,1,0
"4556","coursetalk",1,1,0
"4557","coursework",1,1,0
"4558","covent",1,1,0
"4559","coveral",1,0,1
"4560","cow",1,0,1
"4561","coyot",1,0,1
"4562","cozi",1,1,0
"4563","cpm",1,0,1
"4564","cpu",1,1,0
"4565","cr",1,0,1
"4566","cram",1,0,1
"4567","cramp",1,0,1
"4568","cranium",1,1,0
"4569","crappl",1,0,1
"4570","crazyyyy",1,0,1
"4571","creak",1,1,0
"4572","creas",1,0,1
"4573","creation",1,0,1
"4574","cred",1,0,1
"4575","creed",1,0,1
"4576","creepi",1,0,1
"4577","crei",1,0,1
"4578","creta",1,1,0
"4579","crime",1,0,1
"4580","crimin",1,0,1
"4581","crisp",1,1,0
"4582","critic",1,0,1
"4583","criticis",1,1,0
"4584","critiquesthat",1,1,0
"4585","crosss",1,0,1
"4586","crowdfund",1,1,0
"4587","crown",1,0,1
"4588","cruel",1,0,1
"4589","crueler",1,1,0
"4590","cruis",1,0,1
"4591","crumbl",1,0,1
"4592","cryd",1,1,0
"4593","cryingi",1,0,1
"4594","crypt",1,1,0
"4595","crys",1,0,1
"4596","csrrace",1,1,0
"4597","ctto",1,0,1
"4598","cue",1,1,0
"4599","cultur",1,1,0
"4600","cumbia",1,0,1
"4601","cumbria",1,1,0
"4602","cumshot",1,1,0
"4603","cupboard",1,1,0
"4604","cupid",1,0,1
"4605","curious",1,0,1
"4606","curv",1,0,1
"4607","cus",1,0,1
"4608","cushion",1,1,0
"4609","cusp",1,1,0
"4610","cuss",1,1,0
"4611","custard",1,1,0
"4612","cuticl",1,1,0
"4613","cuttingmak",1,1,0
"4614","cuuuuuuuuuuuuuuuuuuuuuuuuuuuuuuuuuuuuuuuuuuut",1,1,0
"4615","cwnt",1,0,1
"4616","cyclerevolut",1,0,1
"4617","cypher",1,1,0
"4618","cyprus",1,0,1
"4619","d1",1,0,1
"4620","daaay",1,1,0
"4621","daam",1,1,0
"4622","daaru",1,1,0
"4623","dae",1,0,1
"4624","daft",1,1,0
"4625","daftbut",1,0,1
"4626","dagga",1,1,0
"4627","daisi",1,1,0
"4628","dale",1,1,0
"4629","dam",1,1,0
"4630","damnit",1,0,1
"4631","dampen",1,1,0
"4632","danceeeee",1,0,1
"4633","dancer",1,0,1
"4634","dancetast",1,1,0
"4635","dandia",1,0,1
"4636","danger",1,1,0
"4637","dangit",1,0,1
"4638","dangl",1,0,1
"4639","daniel",1,1,0
"4640","daniell",1,0,1
"4641","darcey",1,0,1
"4642","dard",1,0,1
"4643","darlen",1,0,1
"4644","darlin",1,0,1
"4645","darn",1,0,1
"4646","darren",1,0,1
"4647","dartmoor",1,1,0
"4648","das",1,1,0
"4649","dash",1,0,1
"4650","dassi",1,1,0
"4651","dasvidaniya",1,1,0
"4652","datz",1,1,0
"4653","daughter",1,0,1
"4654","daughter4yr",1,1,0
"4655","davao",1,0,1
"4656","day2",1,1,0
"4657","day6",1,1,0
"4658","daykeep",1,1,0
"4659","dayofarch",1,1,0
"4660","daysomg",1,1,0
"4661","dayweek",1,1,0
"4662","dayz",1,1,0
"4663","daze",1,0,1
"4664","dazzl",1,1,0
"4665","dc",1,0,1
"4666","dddi",1,0,1
"4667","de",1,0,1
"4668","deadlin",1,0,1
"4669","deadthank",1,1,0
"4670","dealsuthaonotebachao",1,1,0
"4671","deantd",1,0,1
"4672","deathbybaconsmel",1,0,1
"4673","deathcur",1,1,0
"4674","deathofgrass",1,1,0
"4675","debacl",1,1,0
"4676","debbi",1,1,0
"4677","deck",1,0,1
"4678","decor",1,1,0
"4679","dedic",1,1,0
"4680","dedicatedfan",1,1,0
"4681","deennya",1,1,0
"4682","deepxcap",1,0,1
"4683","defenc",1,0,1
"4684","defens",1,0,1
"4685","degener",1,1,0
"4686","degrassi",1,0,1
"4687","dekhi",1,1,0
"4688","del",1,1,0
"4689","deleg",1,1,0
"4690","deleici",1,0,1
"4691","delevingn",1,0,1
"4692","delhi",1,1,0
"4693","deliri",1,0,1
"4694","delish",1,1,0
"4695","demi",1,0,1
"4696","den",1,0,1
"4697","denerivery506",1,1,0
"4698","deni",1,0,1
"4699","denis",1,0,1
"4700","dental",1,0,1
"4701","deo",1,1,0
"4702","deosnt",1,0,1
"4703","deplet",1,0,1
"4704","deposit",1,1,0
"4705","dept",1,0,1
"4706","deptnot",1,1,0
"4707","derbi",1,0,1
"4708","derp",1,0,1
"4709","des",1,1,0
"4710","describ",1,0,1
"4711","desireameen",1,1,0
"4712","desk",1,1,0
"4713","desktop",1,0,1
"4714","despair",1,0,1
"4715","despond",1,1,0
"4716","destin",1,0,1
"4717","destroy",1,1,0
"4718","deti",1,1,0
"4719","dev",1,0,1
"4720","devast",1,0,1
"4721","devolut",1,1,0
"4722","dew",1,1,0
"4723","deya",1,1,0
"4724","dh",1,0,1
"4725","dhabi",1,1,0
"4726","dhaka",1,0,1
"4727","dheena",1,0,1
"4728","diagnos",1,0,1
"4729","dian",1,1,0
"4730","dianna",1,1,0
"4731","diarrhea",1,1,0
"4732","diego",1,1,0
"4733","dieididieieiei",1,0,1
"4734","dieof",1,0,1
"4735","diesel",1,0,1
"4736","diff",1,0,1
"4737","diffici",1,0,1
"4738","digitalexet",1,1,0
"4739","digitalmarket",1,1,0
"4740","dii",1,1,0
"4741","dikha",1,1,0
"4742","dime",1,1,0
"4743","dimpl",1,1,0
"4744","dine",1,1,0
"4745","diner",1,0,1
"4746","dinghi",1,0,1
"4747","dinooo",1,1,0
"4748","dipikirin",1,1,0
"4749","diploma",1,1,0
"4750","diplomaci",1,0,1
"4751","dipoppo",1,0,1
"4752","dipsatch",1,1,0
"4753","directx11",1,0,1
"4754","dirtiest",1,0,1
"4755","dirtydirti",1,1,0
"4756","dirtykik",1,0,1
"4757","disagre",1,1,0
"4758","disappear",1,0,1
"4759","disappointedmmsrri",1,0,1
"4760","discharg",1,1,0
"4761","discontinu",1,0,1
"4762","discount",1,0,1
"4763","diseas",1,0,1
"4764","diseaseback",1,0,1
"4765","dish",1,0,1
"4766","dishoom",1,1,0
"4767","disk",1,1,0
"4768","dislik",1,0,1
"4769","disneyart",1,1,0
"4770","disneyinfin",1,1,0
"4771","dispatch",1,0,1
"4772","dissappear",1,0,1
"4773","dissip",1,0,1
"4774","distant",1,0,1
"4775","distress",1,0,1
"4776","distribut",1,1,0
"4777","distrub",1,1,0
"4778","disturb",1,0,1
"4779","disvirginedlik",1,0,1
"4780","dit",1,0,1
"4781","ditch",1,1,0
"4782","diva",1,1,0
"4783","diyflow",1,0,1
"4784","diz",1,0,1
"4785","djderek",1,0,1
"4786","djset",1,1,0
"4787","djstruthmat",1,1,0
"4788","dkt",1,1,0
"4789","dmed",1,0,1
"4790","doabl",1,0,1
"4791","dobar",1,1,0
"4792","doc",1,1,0
"4793","docopenhagen",1,0,1
"4794","documentari",1,1,0
"4795","dodg",1,1,0
"4796","doe",1,0,1
"4797","doednt",1,0,1
"4798","doesn",1,1,0
"4799","doh",1,1,0
"4800","doido",1,1,0
"4801","doli",1,1,0
"4802","dollar",1,0,1
"4803","dolphin",1,0,1
"4804","domest",1,0,1
"4805","domesticviol",1,0,1
"4806","domino",1,1,0
"4807","done3week",1,1,0
"4808","donetsk",1,1,0
"4809","donghyuk",1,0,1
"4810","donington",1,1,0
"4811","donno",1,0,1
"4812","donutsss",1,0,1
"4813","doomsday",1,0,1
"4814","dorm",1,0,1
"4815","dormmat",1,0,1
"4816","dorset",1,1,0
"4817","dosa",1,1,0
"4818","dose",1,0,1
"4819","dosent",1,0,1
"4820","dosto",1,0,1
"4821","dostoevski",1,1,0
"4822","dota2",1,1,0
"4823","dough",1,1,0
"4824","doushit",1,0,1
"4825","dovey",1,0,1
"4826","downstair",1,1,0
"4827","downyou",1,0,1
"4828","dozen",1,0,1
"4829","dp",1,1,0
"4830","dr",1,0,1
"4831","drainag",1,1,0
"4832","drake",1,0,1
"4833","drama",1,1,0
"4834","drank",1,1,0
"4835","dread",1,1,0
"4836","dreamer",1,1,0
"4837","dreamili",1,1,0
"4838","dreamteam",1,1,0
"4839","dreari",1,0,1
"4840","dresscod",1,0,1
"4841","drift",1,1,0
"4842","drinkt",1,1,0
"4843","drone",1,1,0
"4844","droppedlook",1,1,0
"4845","droughtlink",1,0,1
"4846","drove",1,0,1
"4847","dua",1,1,0
"4848","dual",1,0,1
"4849","dub",1,1,0
"4850","dubai",1,0,1
"4851","ducktail",1,1,0
"4852","dudafti",1,1,0
"4853","dudeeeeee",1,1,0
"4854","dull",1,0,1
"4855","dumbest",1,0,1
"4856","dumont",1,1,0
"4857","dump",1,1,0
"4858","dun",1,1,0
"4859","dunedin",1,1,0
"4860","dunkin",1,0,1
"4861","dunno",1,1,0
"4862","dunt",1,0,1
"4863","dunwan",1,0,1
"4864","dupa",1,1,0
"4865","duper",1,1,0
"4866","durood",1,1,0
"4867","dus",1,0,1
"4868","dutch",1,0,1
"4869","dw",1,0,1
"4870","dy",1,0,1
"4871","dz9055",1,0,1
"4872","eager",1,1,0
"4873","earl",1,1,0
"4874","earliest",1,1,0
"4875","earlob",1,0,1
"4876","earn",1,1,0
"4877","earthl",1,1,0
"4878","eas",1,1,0
"4879","eatmeat",1,1,0
"4880","economi",1,1,0
"4881","eczema",1,1,0
"4882","edel",1,0,1
"4883","edgar",1,1,0
"4884","editi",1,0,1
"4885","editor",1,0,1
"4886","edomnt",1,0,1
"4887","educampakl",1,1,0
"4888","edwin",1,1,0
"4889","ee",1,0,1
"4890","eeeep",1,1,0
"4891","eek",1,1,0
"4892","ef",1,1,0
"4893","effin",1,0,1
"4894","ego",1,1,0
"4895","ehdar",1,0,1
"4896","ehh",1,0,1
"4897","ehm",1,1,0
"4898","ehn",1,0,1
"4899","eidfeel",1,0,1
"4900","eidwithgrof",1,0,1
"4901","eighteen",1,1,0
"4902","eintlik",1,0,1
"4903","eish",1,0,1
"4904","ejayst",1,1,0
"4905","ek",1,1,0
"4906","ekk",1,0,1
"4907","eksperimencinta",1,1,0
"4908","ekta",1,0,1
"4909","el",1,0,1
"4910","elabor",1,1,0
"4911","elah",1,1,0
"4912","eldest",1,0,1
"4913","eleph",1,1,0
"4914","elgato",1,0,1
"4915","elgin",1,0,1
"4916","elhaida",1,0,1
"4917","elimin",1,0,1
"4918","eliss",1,0,1
"4919","elit",1,1,0
"4920","elizabetholsen",1,1,0
"4921","ell",1,0,1
"4922","ella",1,0,1
"4923","ellen",1,1,0
"4924","elmhurst",1,0,1
"4925","elmoprinssi",1,1,0
"4926","elsa",1,0,1
"4927","elsewher",1,0,1
"4928","elvena",1,1,0
"4929","embrac",1,1,0
"4930","emc",1,1,0
"4931","emcon",1,1,0
"4932","emeg",1,0,1
"4933","emesh",1,1,0
"4934","emm",1,0,1
"4935","emoji",1,0,1
"4936","emon",1,1,0
"4937","emphasi",1,0,1
"4938","empow",1,1,0
"4939","emptier",1,0,1
"4940","emta",1,0,1
"4941","emu",1,1,0
"4942","emul",1,1,0
"4943","emyu",1,0,1
"4944","encanta",1,0,1
"4945","encompass",1,1,0
"4946","endeavour",1,1,0
"4947","endless",1,0,1
"4948","endow",1,1,0
"4949","ene",1,0,1
"4950","enemi",1,1,0
"4951","engin",1,1,0
"4952","engross",1,1,0
"4953","enix",1,1,0
"4954","enji",1,1,0
"4955","enn",1,1,0
"4956","enrol",1,0,1
"4957","ensur",1,1,0
"4958","enterprison",1,1,0
"4959","entlead590",1,0,1
"4960","entlerbount",1,0,1
"4961","entp",1,1,0
"4962","entrepreneurship",1,1,0
"4963","envious",1,0,1
"4964","environ",1,1,0
"4965","eon",1,0,1
"4966","epiphani",1,1,0
"4967","equalityact",1,1,0
"4968","era",1,0,1
"4969","eri",1,0,1
"4970","erica",1,0,1
"4971","ericavan18",1,0,1
"4972","erit",1,0,1
"4973","ervin",1,0,1
"4974","es",1,1,0
"4975","esnho",1,0,1
"4976","essenti",1,0,1
"4977","est",1,1,0
"4978","estat",1,0,1
"4979","estim",1,1,0
"4980","etdi",1,1,0
"4981","etid",1,0,1
"4982","etienn",1,0,1
"4983","etl",1,1,0
"4984","etsi",1,1,0
"4985","eu",1,0,1
"4986","eugh",1,0,1
"4987","eunha",1,0,1
"4988","eunji",1,0,1
"4989","evan",1,0,1
"4990","eve",1,0,1
"4991","evelineconrad",1,0,1
"4992","everday",1,0,1
"4993","everett",1,1,0
"4994","everlast",1,1,0
"4995","everon",1,0,1
"4996","every1",1,0,1
"4997","evri",1,0,1
"4998","ewok",1,1,0
"4999","exampl",1,0,1
"5000","excl",1,1,0
"5001","exclus",1,0,1
"5002","exe",1,1,0
"5003","exec",1,1,0
"5004","execut",1,0,1
"5005","exo",1,0,1
"5006","exolt3",1,0,1
"5007","exp",1,0,1
"5008","experttradesmen",1,1,0
"5009","exploit",1,1,0
"5010","explorealberta",1,0,1
"5011","explos",1,0,1
"5012","exposur",1,1,0
"5013","express",1,1,0
"5014","extens",1,0,1
"5015","extraordinari",1,1,0
"5016","extweleb",1,1,0
"5017","ey",1,1,0
"5018","eyelid",1,0,1
"5019","eyelin",1,0,1
"5020","eyesight",1,0,1
"5021","eyesmil",1,1,0
"5022","eyyah",1,0,1
"5023","f1",1,0,1
"5024","faaaaaabul",1,1,0
"5025","fabfriday",1,1,0
"5026","fabina",1,0,1
"5027","faceit",1,1,0
"5028","facesor",1,1,0
"5029","facil",1,0,1
"5030","fack",1,0,1
"5031","faggot",1,0,1
"5032","fah",1,0,1
"5033","fahad",1,1,0
"5034","fahrenheit",1,1,0
"5035","fahrinahmad",1,1,0
"5036","fail2ban",1,1,0
"5037","faint",1,0,1
"5038","falco",1,1,0
"5039","falkland",1,1,0
"5040","fallout",1,0,1
"5041","fals",1,1,0
"5042","falsetto",1,0,1
"5043","familyhom",1,0,1
"5044","famish",1,0,1
"5045","fanart",1,1,0
"5046","fanboy",1,1,0
"5047","fancaf",1,0,1
"5048","fandango",1,1,0
"5049","fank",1,0,1
"5050","fansign",1,0,1
"5051","fanta",1,1,0
"5052","farbridg",1,1,0
"5053","farmiga",1,0,1
"5054","fas",1,1,0
"5055","fasgadah",1,0,1
"5056","fashionfriday",1,1,0
"5057","fatal",1,1,0
"5058","fatigu",1,1,0
"5059","fatmam",1,0,1
"5060","favoriteotherwisei",1,1,0
"5061","favour",1,1,0
"5062","fckin",1,0,1
"5063","fcking",1,0,1
"5064","fe14",1,0,1
"5065","feb",1,1,0
"5066","feder",1,1,0
"5067","feelgoodfriday",1,0,1
"5068","feelinggood",1,1,0
"5069","feelslikeanidiot",1,0,1
"5070","fela",1,0,1
"5071","felic",1,1,0
"5072","felton",1,0,1
"5073","femin",1,1,0
"5074","feminist",1,1,0
"5075","fenestoscop",1,0,1
"5076","fenja",1,1,0
"5077","fennel",1,1,0
"5078","ferdous",1,0,1
"5079","fern",1,0,1
"5080","ferri",1,1,0
"5081","fersure",1,0,1
"5082","fest",1,0,1
"5083","feverfew",1,0,1
"5084","feytyaz",1,1,0
"5085","ffvi",1,0,1
"5086","fiction",1,1,0
"5087","fieldtrip",1,0,1
"5088","fiend",1,1,0
"5089","fiesta",1,1,0
"5090","fightingmciren",1,0,1
"5091","fightstickfriday",1,1,0
"5092","filbarbarian",1,1,0
"5093","finalist",1,1,0
"5094","financi",1,0,1
"5095","findavip",1,0,1
"5096","finddjderek",1,0,1
"5097","findyourfit",1,1,0
"5098","fineandyu",1,0,1
"5099","fing",1,1,0
"5100","fingerscross",1,1,0
"5101","fingerther",1,1,0
"5102","finnair",1,0,1
"5103","finnick",1,0,1
"5104","finnigan",1,1,0
"5105","firebal",1,1,0
"5106","firm",1,1,0
"5107","firmansyahbl",1,1,0
"5108","first50europ",1,1,0
"5109","fishi",1,0,1
"5110","fitn",1,0,1
"5111","fittest",1,0,1
"5112","fiver",1,0,1
"5113","fixedgearfrenzi",1,0,1
"5114","flame",1,1,0
"5115","flapjack",1,0,1
"5116","flare",1,1,0
"5117","flatteri",1,1,0
"5118","flaviana",1,0,1
"5119","flavour",1,0,1
"5120","flaw",1,1,0
"5121","flawless",1,1,0
"5122","fleekil",1,1,0
"5123","fleur",1,1,0
"5124","flickr",1,1,0
"5125","flint",1,1,0
"5126","flockstar",1,1,0
"5127","floof",1,1,0
"5128","flop",1,0,1
"5129","fls",1,1,0
"5130","fluent",1,0,1
"5131","flumekaytranadaalunageorg",1,1,0
"5132","flyhigh",1,1,0
"5133","fmt",1,1,0
"5134","fna",1,1,0
"5135","fnaf4",1,1,0
"5136","foam",1,1,0
"5137","foampit",1,1,0
"5138","focus",1,1,0
"5139","follbaaack",1,1,0
"5140","followingg",1,1,0
"5141","folow",1,1,0
"5142","fond",1,1,0
"5143","font",1,1,0
"5144","foodi",1,1,0
"5145","foodiefriday",1,1,0
"5146","foof",1,0,1
"5147","fool",1,0,1
"5148","foood",1,0,1
"5149","footbal",1,0,1
"5150","foreal",1,0,1
"5151","foreveralon",1,1,0
"5152","forgiven",1,1,0
"5153","forklift",1,1,0
"5154","format",1,1,0
"5155","former",1,0,1
"5156","forneret",1,1,0
"5157","forritwah",1,1,0
"5158","fortun",1,0,1
"5159","foto",1,1,0
"5160","fotoset",1,1,0
"5161","fought",1,1,0
"5162","foundat",1,0,1
"5163","founder",1,1,0
"5164","foundri",1,1,0
"5165","fowl",1,1,0
"5166","fraand",1,0,1
"5167","fragil",1,0,1
"5168","fragment",1,0,1
"5169","frail",1,0,1
"5170","fraud",1,0,1
"5171","freed",1,0,1
"5172","frequent",1,0,1
"5173","frequentfly",1,1,0
"5174","fresherstofin",1,0,1
"5175","freya",1,1,0
"5176","fricken",1,0,1
"5177","fridayand",1,1,0
"5178","fridayd",1,1,0
"5179","fridaydownpour",1,1,0
"5180","fridayfreebi",1,1,0
"5181","fridayfun",1,1,0
"5182","friendseveryth",1,0,1
"5183","friendship",1,1,0
"5184","friendzon",1,0,1
"5185","friex",1,0,1
"5186","frighten",1,0,1
"5187","frightl",1,1,0
"5188","friooooo",1,0,1
"5189","friskyfriday",1,1,0
"5190","friyay",1,1,0
"5191","frnds",1,1,0
"5192","fron",1,1,0
"5193","frou",1,0,1
"5194","froze",1,0,1
"5195","frudg",1,0,1
"5196","fruiti",1,1,0
"5197","fss",1,1,0
"5198","fu",1,0,1
"5199","fucjikg",1,0,1
"5200","fuckboy",1,0,1
"5201","fucker",1,1,0
"5202","fuckin",1,0,1
"5203","fuckkk",1,0,1
"5204","fug",1,0,1
"5205","fugiwara",1,1,0
"5206","fuk",1,1,0
"5207","fuller",1,1,0
"5208","fulton",1,1,0
"5209","funcionar",1,1,0
"5210","fundamentalist",1,1,0
"5211","funk",1,0,1
"5212","fuq",1,0,1
"5213","furbabi",1,1,0
"5214","furri",1,1,0
"5215","furtrim",1,0,1
"5216","fuse",1,0,1
"5217","futurereleas",1,1,0
"5218","fuuuuuck",1,0,1
"5219","fuuuuuuuuuck",1,0,1
"5220","fuzzi",1,0,1
"5221","fwm",1,1,0
"5222","fxhelp",1,0,1
"5223","fyi",1,0,1
"5224","fyn",1,0,1
"5225","gaaawd",1,0,1
"5226","gaga",1,0,1
"5227","gahd",1,0,1
"5228","gahhh",1,0,1
"5229","gail",1,1,0
"5230","galat",1,0,1
"5231","gale",1,1,0
"5232","gallon",1,0,1
"5233","gamedev",1,1,0
"5234","gamejam",1,1,0
"5235","gameplay",1,1,0
"5236","gamer",1,1,0
"5237","gamestomp",1,0,1
"5238","gameswatch",1,0,1
"5239","gameswish",1,0,1
"5240","gan",1,1,0
"5241","gana",1,0,1
"5242","ganbarimasu",1,0,1
"5243","gandhi",1,1,0
"5244","gangster",1,1,0
"5245","ganna",1,1,0
"5246","gap",1,0,1
"5247","garag",1,0,1
"5248","garbii",1,1,0
"5249","garlic",1,1,0
"5250","garret",1,1,0
"5251","garydid",1,1,0
"5252","gas",1,1,0
"5253","gass",1,1,0
"5254","gastronomi",1,1,0
"5255","gather",1,0,1
"5256","gatorad",1,1,0
"5257","gawd",1,0,1
"5258","gaya",1,1,0
"5259","gayi",1,1,0
"5260","gayl",1,0,1
"5261","gaza",1,1,0
"5262","gc",1,1,0
"5263","gear",1,0,1
"5264","gee",1,0,1
"5265","geekiest",1,1,0
"5266","geer",1,1,0
"5267","geez",1,0,1
"5268","gegu",1,0,1
"5269","gel",1,1,0
"5270","gelen",1,1,0
"5271","gemma",1,1,0
"5272","genad",1,0,1
"5273","gendut",1,0,1
"5274","gene",1,0,1
"5275","genesi",1,0,1
"5276","geneva",1,0,1
"5277","genial",1,1,0
"5278","genr",1,1,0
"5279","gensan",1,1,0
"5280","gent",1,1,0
"5281","gentlemen",1,1,0
"5282","geoff",1,1,0
"5283","georg",1,0,1
"5284","georgesampson",1,0,1
"5285","german",1,0,1
"5286","gern",1,1,0
"5287","ges2015kenya",1,1,0
"5288","geskenya",1,1,0
"5289","gestur",1,1,0
"5290","getaway",1,0,1
"5291","getthescoop",1,0,1
"5292","getwellsoonamb",1,0,1
"5293","gfriend",1,0,1
"5294","gh",1,0,1
"5295","ghantay",1,0,1
"5296","giachietittiwed",1,0,1
"5297","gibanica",1,1,0
"5298","gibran",1,1,0
"5299","giddi",1,0,1
"5300","gidi",1,0,1
"5301","gif",1,0,1
"5302","giftso",1,0,1
"5303","giggl",1,1,0
"5304","gigi",1,1,0
"5305","giguilti",1,0,1
"5306","gilet",1,0,1
"5307","gin",1,0,1
"5308","ging",1,0,1
"5309","ginger",1,1,0
"5310","gintama",1,0,1
"5311","gion886",1,0,1
"5312","gir",1,1,0
"5313","giriboy",1,0,1
"5314","girlfriendsmya",1,1,0
"5315","gishwh",1,0,1
"5316","giveitup",1,1,0
"5317","gl",1,1,0
"5318","gla",1,1,0
"5319","glare",1,0,1
"5320","glaze",1,1,0
"5321","gleam",1,1,0
"5322","glenn",1,1,0
"5323","glitch",1,0,1
"5324","glo",1,0,1
"5325","globe",1,1,0
"5326","glorifi",1,1,0
"5327","gloucestershir",1,1,0
"5328","glue",1,0,1
"5329","goa",1,0,1
"5330","goalscor",1,0,1
"5331","gobigorgohom",1,1,0
"5332","goddamn",1,0,1
"5333","goddess",1,1,0
"5334","godonna",1,1,0
"5335","gohf2015",1,1,0
"5336","goictived70685",1,1,0
"5337","going2suppli",1,0,1
"5338","gol",1,0,1
"5339","goldbug",1,1,0
"5340","golden",1,0,1
"5341","golf",1,0,1
"5342","gomen",1,0,1
"5343","gomez",1,1,0
"5344","gon",1,0,1
"5345","gondooo",1,1,0
"5346","goodi",1,0,1
"5347","goodtim",1,1,0
"5348","goodwil",1,1,0
"5349","goodwynsgoodi",1,1,0
"5350","goofingaround",1,1,0
"5351","gooo",1,1,0
"5352","goood",1,0,1
"5353","gooood",1,1,0
"5354","gooooo",1,0,1
"5355","goosnight",1,1,0
"5356","gorefiend",1,1,0
"5357","gotcha",1,1,0
"5358","gotham",1,1,0
"5359","gottolovebank",1,1,0
"5360","govern",1,0,1
"5361","goy",1,0,1
"5362","gr8",1,1,0
"5363","gracious",1,1,0
"5364","gram",1,0,1
"5365","grandma",1,0,1
"5366","granni",1,1,0
"5367","graphicdesign",1,1,0
"5368","grasp",1,0,1
"5369","grassi",1,1,0
"5370","gratti",1,1,0
"5371","gray",1,0,1
"5372","graze",1,1,0
"5373","greater",1,1,0
"5374","greatest",1,1,0
"5375","greatkenya",1,1,0
"5376","greec",1,0,1
"5377","greekcrisi",1,0,1
"5378","greg",1,1,0
"5379","grepe",1,0,1
"5380","grepein",1,0,1
"5381","greska",1,0,1
"5382","greymind43",1,0,1
"5383","greysonch",1,0,1
"5384","grigson",1,0,1
"5385","grill",1,1,0
"5386","grim",1,1,0
"5387","grindea",1,1,0
"5388","groan",1,0,1
"5389","groceri",1,0,1
"5390","grogol",1,1,0
"5391","grotti",1,0,1
"5392","groupi",1,1,0
"5393","growl",1,0,1
"5394","grs",1,1,0
"5395","grt",1,1,0
"5396","grumbl",1,0,1
"5397","grunt",1,1,0
"5398","gta",1,0,1
"5399","gtagiveaway",1,1,0
"5400","gtdlt",1,1,0
"5401","gtg",1,0,1
"5402","gtgtgt",1,0,1
"5403","gtkw",1,1,0
"5404","gtmj",1,1,0
"5405","gto",1,1,0
"5406","gua",1,0,1
"5407","gudday",1,1,0
"5408","gue",1,0,1
"5409","guilti",1,0,1
"5410","guin",1,0,1
"5411","guis",1,1,0
"5412","guitar",1,0,1
"5413","guitarsoul",1,1,0
"5414","gulo",1,0,1
"5415","gum",1,0,1
"5416","gunashekar",1,1,0
"5417","guncontrol",1,0,1
"5418","gundam",1,0,1
"5419","gunna",1,0,1
"5420","gur",1,0,1
"5421","gurgaon",1,0,1
"5422","guzel",1,1,0
"5423","gv",1,0,1
"5424","gwd",1,1,0
"5425","gwinett",1,1,0
"5426","gws",1,0,1
"5427","gwss",1,0,1
"5428","gyllenha",1,0,1
"5429","gymnast",1,0,1
"5430","gypsi",1,1,0
"5431","h8",1,0,1
"5432","haa",1,0,1
"5433","haaa",1,1,0
"5434","haaretz",1,0,1
"5435","habe",1,0,1
"5436","habhab",1,0,1
"5437","habit",1,1,0
"5438","hacharatt",1,0,1
"5439","had",1,1,0
"5440","hagergang",1,1,0
"5441","hah",1,1,0
"5442","hahaah",1,0,1
"5443","hahahaa",1,1,0
"5444","hahahaaah",1,1,0
"5445","hahahahahaah",1,0,1
"5446","hahahahahhaha",1,1,0
"5447","hahahaokay",1,0,1
"5448","hahahax",1,0,1
"5449","hahahay",1,1,0
"5450","hahay",1,0,1
"5451","haileyhelp",1,1,0
"5452","hairi",1,0,1
"5453","hairpin",1,1,0
"5454","haiss",1,0,1
"5455","haiz",1,0,1
"5456","haizzz",1,0,1
"5457","hajur",1,1,0
"5458","hakhakhak",1,1,0
"5459","halaaaang",1,0,1
"5460","hale",1,1,0
"5461","halesowen",1,1,0
"5462","halfrememb",1,0,1
"5463","halfway",1,1,0
"5464","halla",1,1,0
"5465","hallo",1,1,0
"5466","hallow",1,1,0
"5467","hallyu",1,0,1
"5468","halsey",1,1,0
"5469","hammi",1,1,0
"5470","hampm",1,0,1
"5471","hamstr",1,0,1
"5472","han",1,1,0
"5473","hanabutle18",1,1,0
"5474","hanbin",1,1,0
"5475","handlett",1,1,0
"5476","handov",1,0,1
"5477","handshom",1,1,0
"5478","hangcopi",1,1,0
"5479","hangin",1,0,1
"5480","happend",1,0,1
"5481","happenend",1,0,1
"5482","happier",1,0,1
"5483","happinessss",1,1,0
"5484","happpi",1,0,1
"5485","happyalien",1,1,0
"5486","happybirthdayemilybett",1,1,0
"5487","happycustom",1,1,0
"5488","happyweekend",1,1,0
"5489","happyyyyyy",1,1,0
"5490","harana",1,1,0
"5491","harap",1,0,1
"5492","hardcor",1,1,0
"5493","hardest",1,0,1
"5494","hardhead",1,0,1
"5495","hardwir",1,0,1
"5496","harlo",1,0,1
"5497","harmo",1,1,0
"5498","harmoni",1,1,0
"5499","harriet",1,0,1
"5500","harryxhood",1,1,0
"5501","harsh",1,0,1
"5502","harumph",1,0,1
"5503","harvest",1,0,1
"5504","hasb",1,0,1
"5505","hash",1,1,0
"5506","hashbrown",1,0,1
"5507","hashtaggt",1,1,0
"5508","hastili",1,1,0
"5509","hasya",1,0,1
"5510","hateeee",1,0,1
"5511","hatessuce32429",1,1,0
"5512","hatigii",1,0,1
"5513","hauc",1,1,0
"5514","hav",1,0,1
"5515","haveagoodday",1,1,0
"5516","havuuuuuloveyou",1,1,0
"5517","haw",1,1,0
"5518","hawako",1,0,1
"5519","hayley",1,1,0
"5520","hayli",1,1,0
"5521","hayst",1,0,1
"5522","hazel",1,1,0
"5523","hbdme",1,1,0
"5524","headack",1,0,1
"5525","headphon",1,0,1
"5526","heal",1,1,0
"5527","healthier",1,0,1
"5528","healthylifestyl",1,1,0
"5529","heap",1,0,1
"5530","hearess677",1,0,1
"5531","heartach",1,0,1
"5532","heartbeat",1,1,0
"5533","heathrow",1,0,1
"5534","heatwav",1,1,0
"5535","hediy",1,1,0
"5536","heechul",1,1,0
"5537","heeeeyyy",1,1,0
"5538","heheh",1,1,0
"5539","heheok",1,1,0
"5540","helium",1,0,1
"5541","hellish",1,0,1
"5542","hellooooooooo",1,1,0
"5543","helmi",1,0,1
"5544","helpfulsens",1,0,1
"5545","helpinggroupdm",1,1,0
"5546","helppp",1,0,1
"5547","helpppp",1,0,1
"5548","helsinki",1,1,0
"5549","hen",1,0,1
"5550","henc",1,1,0
"5551","henessydiari",1,1,0
"5552","herb",1,1,0
"5553","herself",1,0,1
"5554","heswifi",1,1,0
"5555","heyi",1,0,1
"5556","heyyyyy",1,0,1
"5557","hhahahahaha",1,1,0
"5558","hibb",1,0,1
"5559","hickey",1,1,0
"5560","hidden",1,1,0
"5561","hierro",1,0,1
"5562","highest",1,1,0
"5563","highlight",1,0,1
"5564","highschoolday",1,1,0
"5565","hih",1,1,0
"5566","hihihi",1,1,0
"5567","hike",1,0,1
"5568","hilarioussup",1,1,0
"5569","hillari",1,1,0
"5570","hilli",1,1,0
"5571","himach",1,1,0
"5572","himher",1,1,0
"5573","himmat",1,1,0
"5574","himseek8",1,0,1
"5575","hinala",1,1,0
"5576","hinanap",1,0,1
"5577","hind",1,0,1
"5578","hindi",1,0,1
"5579","hion",1,0,1
"5580","hiondsheings58543",1,0,1
"5581","hippo",1,1,0
"5582","hipster",1,1,0
"5583","hire",1,1,0
"5584","hisaab",1,1,0
"5585","hiss",1,1,0
"5586","hitler",1,1,0
"5587","hitmark",1,0,1
"5588","hive",1,0,1
"5589","hmmmask",1,1,0
"5590","hmph",1,0,1
"5591","hmyke",1,0,1
"5592","hnnnnnnn",1,0,1
"5593","hobbi",1,1,0
"5594","hock",1,1,0
"5595","hoe",1,0,1
"5596","hogo",1,0,1
"5597","hoki",1,1,0
"5598","hol",1,0,1
"5599","hola",1,1,0
"5600","holborn",1,1,0
"5601","holder",1,1,0
"5602","holi",1,0,1
"5603","holist",1,1,0
"5604","hologram",1,1,0
"5605","homebas",1,1,0
"5606","homebound",1,1,0
"5607","homegirl",1,1,0
"5608","homey",1,1,0
"5609","homosexu",1,1,0
"5610","hon",1,1,0
"5611","honesti",1,0,1
"5612","honestlymor",1,0,1
"5613","honma",1,0,1
"5614","honour",1,1,0
"5615","hood",1,1,0
"5616","hooh",1,1,0
"5617","hop",1,0,1
"5618","hopehousekid",1,1,0
"5619","hopeyou",1,1,0
"5620","hopia",1,0,1
"5621","hopkin",1,0,1
"5622","hopper",1,0,1
"5623","horrend",1,0,1
"5624","horserac",1,1,0
"5625","horseracingtip",1,1,0
"5626","horton",1,0,1
"5627","hotairballoon",1,1,0
"5628","hotb",1,1,0
"5629","hoteemi",1,1,0
"5630","hotmusicdeloco",1,1,0
"5631","hotnsexi",1,1,0
"5632","hotscratch",1,0,1
"5633","hotspotwithdanri",1,0,1
"5634","hotti",1,0,1
"5635","hotwheel",1,0,1
"5636","hound",1,1,0
"5637","housem",1,1,0
"5638","houston",1,1,0
"5639","howdo",1,0,1
"5640","howr",1,1,0
"5641","hoxton",1,1,0
"5642","hozier",1,0,1
"5643","hpc",1,1,0
"5644","hq",1,1,0
"5645","hrdstellobama",1,1,0
"5646","hrryok",1,0,1
"5647","hschool",1,1,0
"5648","hse",1,0,1
"5649","hsm",1,0,1
"5650","hsould",1,0,1
"5651","hsr",1,1,0
"5652","ht",1,1,0
"5653","htaccess",1,1,0
"5654","html",1,0,1
"5655","hub",1,0,1
"5656","hubba",1,0,1
"5657","hueeeee",1,0,1
"5658","huehu",1,0,1
"5659","hugsx",1,1,0
"5660","huhuhu",1,0,1
"5661","huhuhuhu",1,0,1
"5662","huhuhuhuhu",1,0,1
"5663","huhuu",1,0,1
"5664","hulkamania",1,0,1
"5665","humanist",1,1,0
"5666","humid",1,1,0
"5667","humphrey",1,1,0
"5668","hunde6",1,0,1
"5669","hundr",1,0,1
"5670","hunger",1,1,0
"5671","hungrrrryyi",1,0,1
"5672","huni",1,1,0
"5673","hunt",1,1,0
"5674","hurray",1,1,0
"5675","hushedcallwithfraydo",1,1,0
"5676","huski",1,1,0
"5677","huvvft",1,0,1
"5678","huxley",1,1,0
"5679","hwait",1,1,0
"5680","hwi",1,0,1
"5681","hws",1,0,1
"5682","hxh",1,1,0
"5683","hygien",1,1,0
"5684","hype",1,1,0
"5685","hyperbulli",1,0,1
"5686","hypercholesteloremia",1,0,1
"5687","hypocrit",1,1,0
"5688","hyung",1,0,1
"5689","hyungbot",1,1,0
"5690","hyungwon",1,0,1
"5691","ia",1,0,1
"5692","iamamonst",1,1,0
"5693","iamca",1,1,0
"5694","ian",1,1,0
"5695","ic",1,0,1
"5696","icecreammast",1,1,0
"5697","iceland",1,1,0
"5698","icepack",1,0,1
"5699","icloud",1,0,1
"5700","icu",1,0,1
"5701","idek",1,0,1
"5702","ident",1,0,1
"5703","idiot",1,1,0
"5704","iero",1,1,0
"5705","ifc",1,1,0
"5706","ifeelyou",1,0,1
"5707","ifimeetanalien",1,1,0
"5708","iflix",1,1,0
"5709","ifsc",1,0,1
"5710","ifwhen",1,1,0
"5711","igbo",1,0,1
"5712","iger",1,1,0
"5713","igersoftheday",1,0,1
"5714","ihhh",1,0,1
"5715","ihop",1,0,1
"5716","ii",1,0,1
"5717","iirc",1,1,0
"5718","ij",1,0,1
"5719","ikea",1,0,1
"5720","ilhoon",1,0,1
"5721","illa",1,0,1
"5722","illadvis",1,1,0
"5723","illustr",1,1,0
"5724","iloveyouu",1,0,1
"5725","ily2",1,1,0
"5726","ilymelani",1,0,1
"5727","ima",1,1,0
"5728","imac",1,0,1
"5729","img",1,1,0
"5730","imintoh",1,0,1
"5731","imiss",1,0,1
"5732","imit",1,0,1
"5733","imitatia",1,1,0
"5734","immatur",1,1,0
"5735","immigr",1,1,0
"5736","immov",1,0,1
"5737","immun",1,0,1
"5738","impact",1,0,1
"5739","impair",1,1,0
"5740","imper",1,0,1
"5741","imperi",1,0,1
"5742","impli",1,1,0
"5743","impress",1,1,0
"5744","impressivewhat",1,1,0
"5745","imsorri",1,0,1
"5746","imveryverysorri",1,0,1
"5747","inaccur",1,0,1
"5748","inaccuraci",1,0,1
"5749","inapp",1,1,0
"5750","inapropri",1,0,1
"5751","inatal",1,0,1
"5752","inbox",1,1,0
"5753","inca",1,0,1
"5754","incal",1,1,0
"5755","incid",1,0,1
"5756","incom",1,1,0
"5757","incomplet",1,1,0
"5758","incompleta",1,0,1
"5759","incorrect",1,1,0
"5760","incredibleindia",1,1,0
"5761","independ",1,1,0
"5762","indiana",1,0,1
"5763","indiankultur",1,1,0
"5764","indict",1,0,1
"5765","indiffer",1,1,0
"5766","indirect",1,1,0
"5767","indo",1,1,0
"5768","indonesian",1,1,0
"5769","ineedfeminismbecaus",1,1,0
"5770","infect",1,1,0
"5771","infirm",1,1,0
"5772","inflat",1,0,1
"5773","influenti",1,0,1
"5774","infograph",1,1,0
"5775","infra",1,0,1
"5776","infrar",1,1,0
"5777","infrastructur",1,0,1
"5778","infrastructureteachersdoctorsnursesparamedicsampoth",1,0,1
"5779","ingat",1,1,0
"5780","inglewood",1,0,1
"5781","inhal",1,1,0
"5782","inhous",1,1,0
"5783","ini",1,0,1
"5784","injustic",1,1,0
"5785","innoc",1,0,1
"5786","innov",1,1,0
"5787","innumer",1,1,0
"5788","input",1,0,1
"5789","inquisitor",1,1,0
"5790","insan",1,0,1
"5791","insensitivenessridicul",1,0,1
"5792","inshaaallah",1,1,0
"5793","inshaallah",1,1,0
"5794","inshallah",1,1,0
"5795","insidi",1,1,0
"5796","insomnia",1,1,0
"5797","insonia",1,0,1
"5798","inspi",1,0,1
"5799","inspirit",1,0,1
"5800","inspit",1,1,0
"5801","insta",1,0,1
"5802","instagood",1,1,0
"5803","institut",1,1,0
"5804","instruct",1,1,0
"5805","int",1,0,1
"5806","intellect",1,1,0
"5807","intend",1,1,0
"5808","intent",1,0,1
"5809","intoler",1,0,1
"5810","introduct",1,1,0
"5811","invalid",1,0,1
"5812","investig",1,0,1
"5813","invoic",1,1,0
"5814","ion",1,0,1
"5815","ios8",1,1,0
"5816","iov",1,1,0
"5817","iplay",1,1,0
"5818","iqbal",1,1,0
"5819","iqrar",1,1,0
"5820","iran",1,0,1
"5821","irand",1,0,1
"5822","iraq",1,0,1
"5823","ironi",1,0,1
"5824","irrespons",1,0,1
"5825","isaac",1,1,0
"5826","ise",1,0,1
"5827","ish",1,1,0
"5828","ishal",1,0,1
"5829","isibaya",1,0,1
"5830","islamist",1,1,0
"5831","iso",1,1,0
"5832","isp",1,1,0
"5833","isra",1,0,1
"5834","israel",1,0,1
"5835","istanya",1,0,1
"5836","istg",1,0,1
"5837","italian",1,1,0
"5838","itmorn",1,1,0
"5839","itokay",1,0,1
"5840","itong",1,0,1
"5841","itsamarvelth",1,1,0
"5842","itself",1,1,0
"5843","itter",1,1,0
"5844","itv",1,1,0
"5845","ivan",1,0,1
"5846","ivyi",1,1,0
"5847","ivypowel19",1,1,0
"5848","iwantin",1,0,1
"5849","iyalaya",1,0,1
"5850","iz",1,0,1
"5851","izumi",1,1,0
"5852","izzat",1,1,0
"5853","izzi",1,0,1
"5854","j11",1,0,1
"5855","j8",1,0,1
"5856","jaann",1,1,0
"5857","jace",1,0,1
"5858","jacket",1,0,1
"5859","jaclintil",1,0,1
"5860","jadin",1,0,1
"5861","jah",1,1,0
"5862","jailbroken",1,1,0
"5863","jake",1,0,1
"5864","jalulu",1,1,0
"5865","jam",1,0,1
"5866","jami",1,1,0
"5867","jamiele",1,1,0
"5868","jampk",1,1,0
"5869","jang",1,1,0
"5870","jannatul",1,0,1
"5871","januari",1,1,0
"5872","jarraaaaa",1,1,0
"5873","jasmingarrick",1,0,1
"5874","jasonamprob",1,1,0
"5875","jasper",1,0,1
"5876","jaspernationalpark",1,0,1
"5877","java",1,1,0
"5878","jax",1,1,0
"5879","jaya",1,0,1
"5880","jaysus",1,0,1
"5881","jb",1,1,0
"5882","jcreport",1,1,0
"5883","jdjdjdjd",1,0,1
"5884","jds",1,1,0
"5885","je",1,0,1
"5886","jeb",1,0,1
"5887","jebbush",1,0,1
"5888","jedzjabłka",1,1,0
"5889","jeebus",1,0,1
"5890","jehwan",1,1,0
"5891","jelli",1,1,0
"5892","jelous",1,0,1
"5893","jemma",1,0,1
"5894","jen",1,0,1
"5895","jenna",1,1,0
"5896","jenni",1,1,0
"5897","jennif",1,1,0
"5898","jentop",1,1,0
"5899","jeremy4lead",1,1,0
"5900","jerk",1,0,1
"5901","jeslyn",1,0,1
"5902","jest",1,0,1
"5903","jet",1,0,1
"5904","jezwecan",1,1,0
"5905","jfc",1,0,1
"5906","jhalak",1,0,1
"5907","jhezz",1,0,1
"5908","jiba",1,1,0
"5909","jilla",1,1,0
"5910","jillmill19",1,1,0
"5911","jing",1,1,0
"5912","jinki",1,0,1
"5913","jisoo",1,0,1
"5914","jisung",1,1,0
"5915","jiyeon",1,1,0
"5916","jlo",1,1,0
"5917","jlover",1,1,0
"5918","jmu",1,0,1
"5919","jo",1,1,0
"5920","joc",1,0,1
"5921","jog",1,1,0
"5922","johnforceo",1,1,0
"5923","johnyherbert",1,1,0
"5924","joim",1,1,0
"5925","jointit",1,1,0
"5926","jokid",1,0,1
"5927","jolli",1,0,1
"5928","jone",1,1,0
"5929","jong",1,0,1
"5930","jongda",1,0,1
"5931","jonginuh",1,1,0
"5932","jordanian",1,1,0
"5933","joselito",1,1,0
"5934","josephin",1,1,0
"5935","jotzh",1,1,0
"5936","jouch",1,0,1
"5937","journal",1,1,0
"5938","journo",1,0,1
"5939","journorequest",1,1,0
"5940","joycecalm",1,0,1
"5941","jozi",1,1,0
"5942","jps",1,0,1
"5943","jr",1,1,0
"5944","jsl",1,1,0
"5945","jst",1,1,0
"5946","ju",1,1,0
"5947","judgment",1,1,0
"5948","judi",1,1,0
"5949","judo",1,1,0
"5950","juga",1,1,0
"5951","juggl",1,1,0
"5952","juic",1,1,0
"5953","juicebro",1,1,0
"5954","juja",1,0,1
"5955","julia",1,1,0
"5956","juliana",1,0,1
"5957","july24th",1,1,0
"5958","jumma",1,1,0
"5959","jummah",1,1,0
"5960","jummamubarak",1,1,0
"5961","jummamubarik",1,1,0
"5962","jummapray",1,1,0
"5963","jumpgiant",1,1,0
"5964","jumpsuit",1,1,0
"5965","jungl",1,1,0
"5966","junhe",1,0,1
"5967","junmyeon",1,0,1
"5968","jurass",1,1,0
"5969","juri",1,0,1
"5970","just",1,1,0
"5971","justget",1,0,1
"5972","justgotkanekifi",1,0,1
"5973","jute",1,1,0
"5974","juudiciari",1,0,1
"5975","k3g",1,0,1
"5976","kadhafi",1,0,1
"5977","kafi",1,0,1
"5978","kaha",1,0,1
"5979","kahaaaa",1,0,1
"5980","kahfi",1,1,0
"5981","kahlil",1,1,0
"5982","kale",1,1,0
"5983","kalin",1,1,0
"5984","kall",1,1,0
"5985","kam",1,0,1
"5986","kamaal",1,1,0
"5987","kami",1,1,0
"5988","kamiss",1,0,1
"5989","kandekj",1,0,1
"5990","kang",1,0,1
"5991","kangin",1,1,0
"5992","kansai",1,1,0
"5993","kany",1,0,1
"5994","kapatidkongpogi",1,0,1
"5995","kapima",1,1,0
"5996","kar",1,1,0
"5997","karani",1,1,0
"5998","karaok",1,0,1
"5999","karen",1,1,0
"6000","karibumombasa",1,1,0
"6001","karin",1,0,1
"6002","karlia",1,0,1
"6003","kart",1,1,0
"6004","kashi",1,1,0
"6005","kasi",1,0,1
"6006","kaslkdja",1,0,1
"6007","katamari",1,1,0
"6008","katee",1,0,1
"6009","katekyn",1,0,1
"6010","katerina",1,1,0
"6011","kathd",1,0,1
"6012","kathryn",1,1,0
"6013","katmtan",1,1,0
"6014","kaussi",1,0,1
"6015","kawaii",1,0,1
"6016","kayla",1,0,1
"6017","kayo",1,0,1
"6018","kbs",1,0,1
"6019","kbye",1,0,1
"6020","kca",1,1,0
"6021","kebab",1,0,1
"6022","kebaya",1,0,1
"6023","kebun",1,1,0
"6024","keedz",1,0,1
"6025","keeno",1,0,1
"6026","keepin",1,1,0
"6027","keesh",1,1,0
"6028","kei",1,0,1
"6029","kelli",1,1,0
"6030","ken",1,0,1
"6031","kendal",1,0,1
"6032","kennat",1,0,1
"6033","kennel",1,0,1
"6034","kenya",1,1,0
"6035","kepler452b",1,1,0
"6036","kernel",1,1,0
"6037","kesa",1,1,0
"6038","ketchup",1,0,1
"6039","kev",1,1,0
"6040","keybind",1,0,1
"6041","kgola",1,0,1
"6042","kha",1,1,0
"6043","khami",1,0,1
"6044","khani",1,0,1
"6045","kharap",1,0,1
"6046","khawateen",1,1,0
"6047","khloe",1,0,1
"6048","kianweareproud",1,1,0
"6049","kickstart",1,1,0
"6050","kiddo",1,0,1
"6051","kidschoiceawards2015",1,0,1
"6052","kilig",1,0,1
"6053","killin",1,1,0
"6054","killua",1,1,0
"6055","kimaaaaaani",1,0,1
"6056","kin",1,1,0
"6057","kina",1,1,0
"6058","kinara",1,0,1
"6059","kindergarten",1,0,1
"6060","kingfish",1,1,0
"6061","kingfutureboss",1,0,1
"6062","kinick",1,1,0
"6063","kink",1,0,1
"6064","kinki",1,0,1
"6065","kisi",1,0,1
"6066","kissm",1,0,1
"6067","kitteh",1,1,0
"6068","kitten",1,1,0
"6069","kiya",1,0,1
"6070","kizomba",1,1,0
"6071","kk",1,0,1
"6072","kkk",1,1,0
"6073","klappertart",1,0,1
"6074","kleper452b",1,1,0
"6075","kme",1,0,1
"6076","knit",1,1,0
"6077","kno",1,1,0
"6078","knockin",1,0,1
"6079","knowfor",1,0,1
"6080","knowi",1,0,1
"6081","knowwww",1,0,1
"6082","koala",1,0,1
"6083","koe",1,0,1
"6084","koel",1,1,0
"6085","koffi",1,1,0
"6086","koi",1,0,1
"6087","konga",1,0,1
"6088","kos",1,0,1
"6089","koyal",1,1,0
"6090","kresna",1,1,0
"6091","krispi",1,0,1
"6092","kristin",1,1,0
"6093","krta",1,1,0
"6094","krystal",1,0,1
"6095","krystoria",1,0,1
"6096","ksoo",1,0,1
"6097","ktksbye",1,0,1
"6098","ku",1,1,0
"6099","kuchar",1,0,1
"6100","kuffar",1,1,0
"6101","kumbl",1,0,1
"6102","kumpul",1,1,0
"6103","kurt",1,0,1
"6104","kyungsoo",1,1,0
"6105","label",1,1,0
"6106","labyo",1,0,1
"6107","lace",1,0,1
"6108","lad",1,1,0
"6109","ladolcevitainluxembourg",1,1,0
"6110","ladygaga",1,0,1
"6111","ladyposs",1,1,0
"6112","lage",1,0,1
"6113","lagi",1,0,1
"6114","lagiii",1,1,0
"6115","lago",1,0,1
"6116","laguna",1,0,1
"6117","lahat",1,0,1
"6118","lahhh",1,0,1
"6119","lain",1,0,1
"6120","laiten",1,1,0
"6121","lake",1,1,0
"6122","lami",1,0,1
"6123","lamo",1,1,0
"6124","lamon",1,0,1
"6125","lan",1,1,0
"6126","langkawi",1,1,0
"6127","lani",1,1,0
"6128","lansi",1,0,1
"6129","laommacoutur",1,0,1
"6130","lapar",1,0,1
"6131","laper",1,0,1
"6132","laribuggi",1,0,1
"6133","laro",1,1,0
"6134","lart",1,0,1
"6135","laserlik",1,1,0
"6136","lass",1,1,0
"6137","lassi",1,1,0
"6138","latepost",1,1,0
"6139","latinhous",1,1,0
"6140","latmon",1,1,0
"6141","latt",1,0,1
"6142","laughingsmil",1,1,0
"6143","lawn",1,0,1
"6144","lawnmow",1,1,0
"6145","layer",1,1,0
"6146","lazyweekend",1,1,0
"6147","lblogger",1,1,0
"6148","lbs",1,1,0
"6149","lcs",1,0,1
"6150","leak",1,0,1
"6151","learnt",1,1,0
"6152","leas",1,0,1
"6153","leavework",1,0,1
"6154","lee",1,1,0
"6155","leeteuk",1,1,0
"6156","legal",1,1,0
"6157","legendari",1,0,1
"6158","legget",1,1,0
"6159","lego",1,0,1
"6160","legsupthewal",1,1,0
"6161","leia",1,1,0
"6162","leica",1,1,0
"6163","leicaq",1,1,0
"6164","lemess",1,1,0
"6165","lendal",1,1,0
"6166","leno",1,0,1
"6167","leo",1,1,0
"6168","leon",1,1,0
"6169","lepa",1,1,0
"6170","lesley",1,1,0
"6171","lession",1,1,0
"6172","letitgrow",1,1,0
"6173","letsfootbal",1,0,1
"6174","letsgetmessi",1,1,0
"6175","letshavecocktailsafternuclai",1,1,0
"6176","letsprocrastin",1,1,0
"6177","leviboard",1,1,0
"6178","lew",1,0,1
"6179","lfccw",1,0,1
"6180","li",1,0,1
"6181","liat",1,1,0
"6182","lib",1,0,1
"6183","libmysqlclientdev",1,0,1
"6184","lice",1,1,0
"6185","licenc",1,0,1
"6186","liceooooo",1,0,1
"6187","lifeso",1,1,0
"6188","lifestyl",1,1,0
"6189","lifetim",1,0,1
"6190","lifevideo",1,1,0
"6191","lifeyour",1,1,0
"6192","lightbox",1,1,0
"6193","lighter",1,1,0
"6194","ligo",1,0,1
"6195","likeouh",1,0,1
"6196","lilsisbro",1,1,0
"6197","lilydal",1,1,0
"6198","limbo",1,1,0
"6199","limpopo",1,1,0
"6200","linda",1,0,1
"6201","linguist",1,0,1
"6202","lini",1,0,1
"6203","linux",1,0,1
"6204","lipstick",1,0,1
"6205","liquid",1,1,0
"6206","liquoric",1,1,0
"6207","listenablecohes",1,1,0
"6208","litey",1,1,0
"6209","litro",1,0,1
"6210","liveonstream",1,1,0
"6211","livesex",1,1,0
"6212","livestream",1,0,1
"6213","livi",1,1,0
"6214","livid",1,0,1
"6215","liza",1,1,0
"6216","lizaminnelli",1,1,0
"6217","ljp5",1,0,1
"6218","llama",1,0,1
"6219","llaollao",1,0,1
"6220","lloyd",1,0,1
"6221","lmaooo",1,1,0
"6222","lmbo",1,0,1
"6223","lmfaoooo",1,0,1
"6224","lmfaooso",1,0,1
"6225","local",1,0,1
"6226","localgaragederbi",1,1,0
"6227","lockscreen",1,1,0
"6228","loftey",1,1,0
"6229","logic",1,1,0
"6230","login",1,0,1
"6231","loiyal",1,1,0
"6232","lolhook",1,1,0
"6233","lolipop",1,0,1
"6234","lollipop",1,1,0
"6235","lollll",1,1,0
"6236","lolz",1,1,0
"6237","lolzz",1,0,1
"6238","londondairi",1,1,0
"6239","loneliest",1,1,0
"6240","longdist",1,1,0
"6241","longeryet",1,0,1
"6242","longest",1,0,1
"6243","longggg",1,0,1
"6244","lookfortheo",1,1,0
"6245","looking4aspot",1,0,1
"6246","looooong",1,0,1
"6247","looooool",1,0,1
"6248","loooooov",1,1,0
"6249","loop",1,0,1
"6250","lootcrat",1,0,1
"6251","looww",1,0,1
"6252","lorenangel8",1,1,0
"6253","lori",1,1,0
"6254","lorm823",1,0,1
"6255","lorna",1,1,0
"6256","loryngood",1,1,0
"6257","lossstolen",1,0,1
"6258","lotion",1,1,0
"6259","loud",1,0,1
"6260","louisianashoot",1,0,1
"6261","lourd",1,0,1
"6262","lovabl",1,1,0
"6263","lovebird",1,0,1
"6264","loveli",1,1,0
"6265","lovenafianna",1,1,0
"6266","loveofmylif",1,0,1
"6267","lovessss",1,1,0
"6268","lovesummertim",1,1,0
"6269","lovey",1,0,1
"6270","loveyaaaah",1,1,0
"6271","lowbat",1,0,1
"6272","lower",1,1,0
"6273","lowest",1,0,1
"6274","lq",1,0,1
"6275","lrka",1,0,1
"6276","lsa",1,1,0
"6277","lsh",1,0,1
"6278","lt3333",1,1,0
"6279","ltffspecial",1,1,0
"6280","ltlt",1,1,0
"6281","lua",1,1,0
"6282","luceleva21",1,0,1
"6283","luci",1,1,0
"6284","luckili",1,1,0
"6285","luckyyyy",1,0,1
"6286","lucozad",1,0,1
"6287","ludlow",1,1,0
"6288","lue",1,1,0
"6289","luff",1,1,0
"6290","lui",1,0,1
"6291","lukkke",1,1,0
"6292","lukri",1,1,0
"6293","lumia",1,0,1
"6294","lumin",1,0,1
"6295","lune",1,0,1
"6296","lungomar",1,0,1
"6297","lupet",1,1,0
"6298","lure",1,0,1
"6299","lurgi",1,0,1
"6300","lush",1,0,1
"6301","lusi",1,0,1
"6302","lux",1,1,0
"6303","luxembourg",1,1,0
"6304","luxuous",1,1,0
"6305","luxuri",1,1,0
"6306","luxurytravel",1,1,0
"6307","lvg",1,0,1
"6308","lwwf",1,1,0
"6309","lycra",1,1,0
"6310","lyf",1,0,1
"6311","lyin",1,0,1
"6312","lyk",1,1,0
"6313","lyka",1,1,0
"6314","lymond",1,1,0
"6315","lynn",1,1,0
"6316","lyric",1,0,1
"6317","m20",1,0,1
"6318","m4",1,0,1
"6319","m5m6junction",1,0,1
"6320","m8",1,1,0
"6321","maaaaaay",1,1,0
"6322","maaf",1,1,0
"6323","mac",1,0,1
"6324","macauley",1,1,0
"6325","macbook",1,1,0
"6326","macci",1,0,1
"6327","macedonian",1,0,1
"6328","machaya",1,0,1
"6329","machineri",1,0,1
"6330","madam",1,1,0
"6331","madatt",1,0,1
"6332","madelin",1,1,0
"6333","madexx",1,0,1
"6334","madison",1,1,0
"6335","madonnafamili",1,1,0
"6336","madonnafan",1,1,0
"6337","madonnamademtv",1,1,0
"6338","magcon",1,0,1
"6339","mager",1,0,1
"6340","maggi",1,1,0
"6341","magicalkenya",1,1,0
"6342","magicalmysterytour",1,1,0
"6343","magisa",1,0,1
"6344","magnific",1,1,0
"6345","magpaalam",1,0,1
"6346","magpi",1,0,1
"6347","magstart",1,1,0
"6348","mahilig",1,0,1
"6349","mahirap",1,0,1
"6350","mahnor",1,1,0
"6351","mahon",1,0,1
"6352","mairi",1,1,0
"6353","majhwar",1,0,1
"6354","mak",1,1,0
"6355","makati",1,0,1
"6356","makeov",1,1,0
"6357","maker",1,1,0
"6358","makesm",1,1,0
"6359","makna",1,1,0
"6360","maldiv",1,0,1
"6361","males",1,1,0
"6362","mallick",1,1,0
"6363","malta",1,1,0
"6364","mamabear",1,0,1
"6365","mamaya",1,1,0
"6366","mamayang",1,1,0
"6367","mambulli",1,0,1
"6368","mamma",1,1,0
"6369","mammoth",1,0,1
"6370","mampm",1,0,1
"6371","mañana",1,0,1
"6372","manbearpig",1,0,1
"6373","mandela",1,1,0
"6374","manga",1,0,1
"6375","manh",1,1,0
"6376","maniataki",1,1,0
"6377","manifest",1,1,0
"6378","manilabro",1,1,0
"6379","manner",1,1,0
"6380","manni",1,1,0
"6381","mano",1,1,0
"6382","manteca",1,0,1
"6383","manthan",1,1,0
"6384","manuel",1,1,0
"6385","manuella",1,1,0
"6386","manush",1,0,1
"6387","manzano",1,0,1
"6388","mapbox",1,1,0
"6389","mar",1,1,0
"6390","mara",1,0,1
"6391","marai",1,1,0
"6392","marco",1,1,0
"6393","mare",1,0,1
"6394","margo",1,0,1
"6395","maricarljanah",1,1,0
"6396","marino",1,0,1
"6397","maroon",1,1,0
"6398","marriag",1,1,0
"6399","marrickvill",1,1,0
"6400","marrish",1,0,1
"6401","marseill",1,1,0
"6402","martin",1,1,0
"6403","marula",1,1,0
"6404","maryhicks18",1,1,0
"6405","masa",1,1,0
"6406","masaan",1,0,1
"6407","mash",1,0,1
"6408","mashaallah",1,1,0
"6409","mashaket",1,0,1
"6410","mashup",1,0,1
"6411","massi",1,0,1
"6412","master",1,1,0
"6413","masterchef",1,0,1
"6414","mastership",1,1,0
"6415","masud",1,0,1
"6416","mateo",1,0,1
"6417","mater",1,1,0
"6418","materialist",1,1,0
"6419","matern",1,0,1
"6420","matsubouzu",1,1,0
"6421","matteroftheheart",1,0,1
"6422","mauliat",1,1,0
"6423","maurya",1,1,0
"6424","maxi",1,1,0
"6425","mayday",1,0,1
"6426","mayhem",1,1,0
"6427","maymay",1,0,1
"6428","mayor",1,0,1
"6429","mba",1,1,0
"6430","mbalula",1,1,0
"6431","mbasa",1,0,1
"6432","mbc",1,1,0
"6433","mbulelo",1,0,1
"6434","mca",1,1,0
"6435","mcdo",1,1,0
"6436","mcfc",1,0,1
"6437","mcfloat",1,1,0
"6438","mcflurri",1,0,1
"6439","mcg",1,0,1
"6440","mclaren",1,1,0
"6441","mcnugget",1,0,1
"6442","mcountdown",1,0,1
"6443","mcpe",1,1,0
"6444","meand",1,0,1
"6445","meangt",1,0,1
"6446","meani",1,0,1
"6447","meaning",1,0,1
"6448","meaningless",1,1,0
"6449","measur",1,1,0
"6450","mechan",1,1,0
"6451","mechatotem",1,0,1
"6452","meck",1,0,1
"6453","med",1,0,1
"6454","medit",1,1,0
"6455","mee",1,0,1
"6456","meeee",1,0,1
"6457","meg",1,0,1
"6458","megafauna",1,0,1
"6459","megamoh",1,1,0
"6460","mehendi",1,0,1
"6461","mehtab",1,1,0
"6462","mel",1,0,1
"6463","melatonin",1,0,1
"6464","melbourn",1,0,1
"6465","melbournetrip2015",1,1,0
"6466","melon",1,0,1
"6467","meme",1,1,0
"6468","memem",1,0,1
"6469","memor",1,0,1
"6470","memotohat",1,1,0
"6471","menac",1,1,0
"6472","mend",1,0,1
"6473","mene",1,0,1
"6474","meni",1,1,0
"6475","menill",1,0,1
"6476","menu",1,1,0
"6477","meoooowwww",1,1,0
"6478","merced",1,1,0
"6479","merdeka",1,1,0
"6480","meri",1,1,0
"6481","merlin",1,0,1
"6482","merri",1,1,0
"6483","mesh",1,0,1
"6484","meso",1,1,0
"6485","messeng",1,0,1
"6486","messi",1,0,1
"6487","meter",1,0,1
"6488","meth",1,1,0
"6489","methey",1,0,1
"6490","mexican",1,1,0
"6491","meydan",1,0,1
"6492","mfundo",1,1,0
"6493","mga",1,1,0
"6494","mhhh",1,0,1
"6495","miah",1,0,1
"6496","mic",1,0,1
"6497","mice",1,1,0
"6498","michell",1,1,0
"6499","micro",1,1,0
"6500","microsoft",1,0,1
"6501","midend",1,0,1
"6502","mididress",1,1,0
"6503","midori",1,0,1
"6504","mighti",1,1,0
"6505","migrant",1,0,1
"6506","milano",1,1,0
"6507","mileag",1,1,0
"6508","milf",1,0,1
"6509","milkshak",1,0,1
"6510","miller",1,1,0
"6511","millz",1,0,1
"6512","milo",1,1,0
"6513","mimi",1,0,1
"6514","minal",1,1,0
"6515","minc",1,0,1
"6516","minecon",1,0,1
"6517","ming",1,0,1
"6518","mingm",1,0,1
"6519","minha",1,0,1
"6520","minhyuk",1,0,1
"6521","minju",1,1,0
"6522","minkyuk",1,0,1
"6523","minsyou",1,0,1
"6524","mint",1,1,0
"6525","miracl",1,0,1
"6526","mis",1,1,0
"6527","mischiev",1,1,0
"6528","misplac",1,0,1
"6529","missin",1,0,1
"6530","misspelt",1,0,1
"6531","missyou",1,0,1
"6532","mist",1,1,0
"6533","misti",1,1,0
"6534","misundersrand",1,0,1
"6535","mit",1,0,1
"6536","mixcloud",1,1,0
"6537","mixer",1,0,1
"6538","mixtur",1,0,1
"6539","mj",1,0,1
"6540","mladi",1,0,1
"6541","mmmmm",1,0,1
"6542","mmmmmm",1,1,0
"6543","mmsmalubhangsakit",1,0,1
"6544","mne",1,1,0
"6545","mnwreeen",1,1,0
"6546","moan",1,1,0
"6547","mob",1,1,0
"6548","mobilegam",1,1,0
"6549","mobitel",1,0,1
"6550","mochamichell",1,1,0
"6551","mockingbird",1,1,0
"6552","modi",1,1,0
"6553","modifi",1,0,1
"6554","modimo",1,0,1
"6555","mohapatra",1,1,0
"6556","mohr",1,1,0
"6557","moistur",1,1,0
"6558","mojo",1,0,1
"6559","mombasa",1,1,0
"6560","momenti",1,1,0
"6561","momentnot",1,0,1
"6562","momentsidea",1,1,0
"6563","mon27juli",1,1,0
"6564","monash",1,0,1
"6565","monfil",1,1,0
"6566","monkey",1,0,1
"6567","mono",1,1,0
"6568","monsoon",1,1,0
"6569","monster",1,1,0
"6570","montana",1,0,1
"6571","monteith",1,0,1
"6572","monthr",1,0,1
"6573","monti",1,1,0
"6574","montoya",1,1,0
"6575","mooddump",1,0,1
"6576","moos",1,1,0
"6577","moral",1,0,1
"6578","morisett",1,0,1
"6579","mork873",1,0,1
"6580","mornin",1,1,0
"6581","morningit",1,1,0
"6582","morocco",1,1,0
"6583","morrrrn",1,1,0
"6584","mosqu",1,0,1
"6585","mostest",1,0,1
"6586","motav",1,0,1
"6587","motherfuck",1,1,0
"6588","motilium",1,0,1
"6589","motiv",1,0,1
"6590","motn",1,0,1
"6591","motor",1,0,1
"6592","motorsport",1,0,1
"6593","mount",1,1,0
"6594","movement",1,0,1
"6595","moviemarathon",1,1,0
"6596","moviewil",1,1,0
"6597","movnat",1,0,1
"6598","mp3",1,1,0
"6599","mr2",1,1,0
"6600","mrjs",1,1,0
"6601","msc",1,0,1
"6602","msg",1,1,0
"6603","msged",1,1,0
"6604","msnbc",1,0,1
"6605","mtaani",1,0,1
"6606","mtg",1,0,1
"6607","mtn8",1,1,0
"6608","mtvhottest",1,0,1
"6609","muaahhh",1,1,0
"6610","muahah",1,1,0
"6611","muahhh",1,1,0
"6612","mubarak",1,1,0
"6613","mubark",1,0,1
"6614","muchbest",1,1,0
"6615","muchmor",1,1,0
"6616","muddi",1,0,1
"6617","muddl",1,1,0
"6618","muertosatfring",1,1,0
"6619","mufc",1,0,1
"6620","mugshot",1,0,1
"6621","mui",1,1,0
"6622","muji",1,0,1
"6623","mull",1,1,0
"6624","muller",1,0,1
"6625","multiraci",1,1,0
"6626","mumbai",1,1,0
"6627","muna",1,1,0
"6628","mune874",1,0,1
"6629","muntu",1,1,0
"6630","murder",1,1,0
"6631","muriell",1,0,1
"6632","murugan",1,0,1
"6633","mush",1,0,1
"6634","mushroom",1,0,1
"6635","musica",1,0,1
"6636","musicbiz",1,1,0
"6637","musicology2015",1,1,0
"6638","mussel",1,1,0
"6639","muster",1,0,1
"6640","mustread",1,1,0
"6641","mustv",1,1,0
"6642","mute",1,1,0
"6643","mutt",1,1,0
"6644","muv",1,0,1
"6645","mvg",1,1,0
"6646","mwa",1,0,1
"6647","mwah",1,0,1
"6648","mwamwa",1,0,1
"6649","mwf",1,1,0
"6650","mybrainneedstoshutoff",1,0,1
"6651","mych",1,0,1
"6652","myhil",1,0,1
"6653","mymonsoonstori",1,1,0
"6654","mysteri",1,1,0
"6655","mysumm",1,1,0
"6656","mythic",1,1,0
"6657","myungsoo",1,0,1
"6658","mz",1,1,0
"6659","n04js",1,1,0
"6660","naa",1,0,1
"6661","naaaaan",1,0,1
"6662","naaahhh",1,1,0
"6663","nacho",1,0,1
"6664","nad",1,1,0
"6665","nadal",1,1,0
"6666","naeun",1,0,1
"6667","nagato",1,1,0
"6668","nage",1,0,1
"6669","naggi",1,1,0
"6670","naggreet",1,1,0
"6671","nagsend",1,1,0
"6672","nai",1,0,1
"6673","nailedit",1,1,0
"6674","nairobi",1,1,0
"6675","najam",1,1,0
"6676","nak",1,0,1
"6677","nakaka",1,0,1
"6678","nalamannn",1,0,1
"6679","nam",1,0,1
"6680","namedescript",1,0,1
"6681","nanci",1,1,0
"6682","nando",1,0,1
"6683","naomi",1,0,1
"6684","narcissist",1,1,0
"6685","narco",1,0,1
"6686","narendra",1,1,0
"6687","narrow",1,1,0
"6688","narrowmind",1,1,0
"6689","naruto",1,0,1
"6690","nas",1,0,1
"6691","nat",1,0,1
"6692","natak",1,0,1
"6693","natgeo",1,1,0
"6694","nathan",1,1,0
"6695","nathanielhinanakit",1,0,1
"6696","nathann",1,0,1
"6697","nationpray",1,0,1
"6698","nativ",1,1,0
"6699","natsuki",1,1,0
"6700","natur",1,1,0
"6701","navi",1,1,0
"6702","navig",1,1,0
"6703","nawf",1,0,1
"6704","nawww",1,0,1
"6705","nawwwe",1,0,1
"6706","naya",1,0,1
"6707","nbhero",1,0,1
"6708","ncaaseason91",1,1,0
"6709","ncc",1,0,1
"6710","nd",1,0,1
"6711","ndee",1,1,0
"6712","ndi",1,0,1
"6713","neal",1,1,0
"6714","nearer",1,0,1
"6715","neato",1,0,1
"6716","necessari",1,1,0
"6717","necklac",1,0,1
"6718","needa",1,1,0
"6719","needicecreamnow",1,0,1
"6720","neeeeeeeeeeeeeeeeein",1,0,1
"6721","negat",1,1,0
"6722","neglect",1,0,1
"6723","negooo",1,1,0
"6724","neighbour",1,0,1
"6725","nell",1,0,1
"6726","nemanja",1,0,1
"6727","nemesi",1,0,1
"6728","neng",1,0,1
"6729","neon",1,1,0
"6730","népal",1,1,0
"6731","netfilx",1,1,0
"6732","netherland",1,0,1
"6733","netizen",1,1,0
"6734","netsec",1,1,0
"6735","newbethvideo",1,0,1
"6736","newbi",1,0,1
"6737","newblogpost",1,1,0
"6738","newer",1,0,1
"6739","newest",1,1,0
"6740","newli",1,1,0
"6741","newsdistribut",1,1,0
"6742","newslett",1,1,0
"6743","newsround",1,1,0
"6744","newwine15",1,0,1
"6745","newyork",1,1,0
"6746","nextweek",1,1,0
"6747","nez",1,1,0
"6748","nfinit",1,0,1
"6749","nga",1,0,1
"6750","ngarepfollbackdarinabilahjkt48",1,1,0
"6751","ngee",1,0,1
"6752","ngeze",1,0,1
"6753","ngga",1,1,0
"6754","ngi",1,1,0
"6755","ngucapinnya",1,1,0
"6756","nh",1,0,1
"6757","nhe",1,0,1
"6758","nhl",1,0,1
"6759","nia",1,0,1
"6760","niaaaaaaaaaaaaaaaaaaaaaaaaaaa",1,0,1
"6761","niam",1,1,0
"6762","nicest",1,0,1
"6763","nick",1,1,0
"6764","nicki",1,0,1
"6765","nicknam",1,1,0
"6766","nickyyyyyyyyyyyyyyyy",1,0,1
"6767","nicola",1,1,0
"6768","nicoleapag",1,0,1
"6769","niec",1,0,1
"6770","niend",1,0,1
"6771","nigeria",1,1,0
"6772","nigg",1,1,0
"6773","nighti",1,1,0
"6774","nikeindonesia",1,1,0
"6775","nikeorigin",1,1,0
"6776","nikkei",1,1,0
"6777","nil",1,1,0
"6778","nim",1,1,0
"6779","ninasti",1,0,1
"6780","ninh",1,1,0
"6781","niqqa",1,0,1
"6782","nirvana",1,1,0
"6783","nisrina",1,0,1
"6784","nite",1,1,0
"6785","niwll",1,0,1
"6786","nixus",1,1,0
"6787","nj",1,1,0
"6788","nje",1,0,1
"6789","njoy",1,1,0
"6790","nk",1,0,1
"6791","nknkkpagpapakumbaba",1,1,0
"6792","nls",1,0,1
"6793","nm",1,0,1
"6794","no1",1,0,1
"6795","nocturn",1,1,0
"6796","node15",1,0,1
"6797","noe",1,1,0
"6798","noesss",1,0,1
"6799","noggin",1,0,1
"6800","nohop",1,1,0
"6801","nom",1,1,0
"6802","nomin",1,0,1
"6803","nominier",1,1,0
"6804","nomoney",1,0,1
"6805","nonc",1,0,1
"6806","nonexist",1,0,1
"6807","nonfilipina",1,1,0
"6808","nonmapbox",1,1,0
"6809","nono",1,0,1
"6810","nonot",1,0,1
"6811","nonscript",1,1,0
"6812","nontrial",1,0,1
"6813","noob",1,0,1
"6814","noodl",1,0,1
"6815","noooooo",1,0,1
"6816","nooooooo",1,0,1
"6817","noooooooooooooooooo",1,0,1
"6818","nooooop",1,0,1
"6819","nooooow",1,1,0
"6820","noooot",1,0,1
"6821","nooow",1,1,0
"6822","norapowel19",1,1,0
"6823","norh",1,1,0
"6824","north",1,0,1
"6825","northern",1,1,0
"6826","norwegian",1,0,1
"6827","noseble",1,0,1
"6828","nosmet",1,1,0
"6829","nostalgia",1,1,0
"6830","notch",1,0,1
"6831","notcool",1,0,1
"6832","notgonnabeactivefor2weeksdontmissittoomuch",1,0,1
"6833","nothaveld765",1,0,1
"6834","notr",1,0,1
"6835","nou",1,0,1
"6836","novel",1,1,0
"6837","novemb",1,0,1
"6838","nowaday",1,1,0
"6839","nowday",1,0,1
"6840","nowi",1,0,1
"6841","nowplay",1,1,0
"6842","nowse",1,1,0
"6843","nowt",1,0,1
"6844","nowwhen",1,0,1
"6845","nowwt",1,0,1
"6846","nowwww",1,0,1
"6847","np",1,1,0
"6848","nrltigersroost",1,0,1
"6849","nsbzhdnxndamal",1,0,1
"6850","nsnsupplement",1,1,0
"6851","nstp",1,0,1
"6852","nt4",1,1,0
"6853","nuclear",1,0,1
"6854","nudg",1,1,0
"6855","nugget",1,0,1
"6856","nuka",1,1,0
"6857","numb",1,0,1
"6858","numbero",1,1,0
"6859","nun",1,1,0
"6860","nutella",1,0,1
"6861","nutshel",1,1,0
"6862","nuuh",1,0,1
"6863","nux",1,0,1
"6864","nvr",1,0,1
"6865","nwb",1,1,0
"6866","ny",1,0,1
"6867","nyc",1,1,0
"6868","nyquil",1,0,1
"6869","nys",1,0,1
"6870","nz",1,1,0
"6871","ob",1,0,1
"6872","obakeng",1,1,0
"6873","obama",1,1,0
"6874","obamainkenya",1,1,0
"6875","obi",1,1,0
"6876","obituari",1,1,0
"6877","obstacl",1,1,0
"6878","obv",1,1,0
"6879","obyun",1,0,1
"6880","occas",1,1,0
"6881","occasion",1,0,1
"6882","occur",1,0,1
"6883","och",1,1,0
"6884","oclock",1,1,0
"6885","octob",1,0,1
"6886","ode",1,0,1
"6887","oe",1,1,0
"6888","offend",1,0,1
"6889","offerbut",1,0,1
"6890","offroad",1,0,1
"6891","offshor",1,1,0
"6892","ohaha",1,1,0
"6893","ohgod",1,0,1
"6894","ohhhh",1,0,1
"6895","ohioan",1,1,0
"6896","ohmyg",1,1,0
"6897","ohmygod",1,0,1
"6898","oi",1,0,1
"6899","oili",1,1,0
"6900","okayish",1,0,1
"6901","okayx",1,0,1
"6902","okayyyi",1,0,1
"6903","oki",1,0,1
"6904","okkay",1,1,0
"6905","okok",1,1,0
"6906","oldi",1,0,1
"6907","oldporridg",1,1,0
"6908","oldschool",1,1,0
"6909","ole",1,0,1
"6910","oley",1,1,0
"6911","oliv",1,1,0
"6912","oliviafowles891",1,1,0
"6913","olur",1,1,0
"6914","olymp",1,0,1
"6915","om",1,1,0
"6916","omar",1,1,0
"6917","omaygad",1,0,1
"6918","omgg",1,1,0
"6919","omggg",1,0,1
"6920","omgggg",1,0,1
"6921","omgyour",1,0,1
"6922","onair",1,1,0
"6923","oneal",1,1,0
"6924","onion",1,0,1
"6925","onkey",1,1,0
"6926","onli",1,0,1
"6927","onpack",1,1,0
"6928","onscreen",1,0,1
"6929","ont",1,1,0
"6930","ontheroadagain2015",1,0,1
"6931","onward",1,0,1
"6932","onyu",1,1,0
"6933","ooh",1,1,0
"6934","oomf",1,1,0
"6935","oooooh",1,1,0
"6936","oooooooooohh",1,1,0
"6937","oooooooouch",1,0,1
"6938","oooop",1,0,1
"6939","ooz",1,1,0
"6940","openfollow",1,1,0
"6941","operatorswal",1,1,0
"6942","opi",1,1,0
"6943","opixer805",1,0,1
"6944","opossum",1,1,0
"6945","oppahug",1,0,1
"6946","oppamiss",1,1,0
"6947","oppayaa",1,1,0
"6948","oppos",1,1,0
"6949","opposit",1,1,0
"6950","oppress",1,0,1
"6951","opt",1,0,1
"6952","optim",1,1,0
"6953","optimis",1,0,1
"6954","optout",1,0,1
"6955","oracl",1,1,0
"6956","orayt",1,1,0
"6957","orcalov",1,0,1
"6958","orchard",1,1,0
"6959","orchestra",1,0,1
"6960","ordinari",1,1,0
"6961","ore",1,0,1
"6962","oreo",1,0,1
"6963","orhan",1,1,0
"6964","orig",1,0,1
"6965","orlean",1,1,0
"6966","orphan",1,0,1
"6967","orz",1,1,0
"6968","oscar",1,1,0
"6969","osea",1,0,1
"6970","oshieer",1,1,0
"6971","oss",1,1,0
"6972","otamendi",1,0,1
"6973","otani",1,0,1
"6974","oth",1,1,0
"6975","otl",1,0,1
"6976","otter",1,0,1
"6977","otwol",1,1,0
"6978","ou",1,1,0
"6979","ouat",1,0,1
"6980","ouchosteopath",1,1,0
"6981","ought",1,1,0
"6982","our",1,0,1
"6983","ourdisneyinfin",1,1,0
"6984","ourselv",1,1,0
"6985","outboard",1,1,0
"6986","outdat",1,0,1
"6987","outdoor",1,1,0
"6988","outfwith",1,0,1
"6989","outliv",1,0,1
"6990","outnumb",1,0,1
"6991","outrag",1,1,0
"6992","outstand",1,1,0
"6993","outtak",1,1,0
"6994","ouucchhh",1,0,1
"6995","oval",1,1,0
"6996","overcast",1,0,1
"6997","overdrawn",1,0,1
"6998","overdu",1,1,0
"6999","overgener",1,1,0
"7000","overload",1,1,0
"7001","overnight",1,1,0
"7002","overweight",1,0,1
"7003","owe",1,1,0
"7004","owl",1,1,0
"7005","owli",1,1,0
"7006","owww",1,0,1
"7007","p2",1,0,1
"7008","p90",1,1,0
"7009","p90x",1,1,0
"7010","paalam",1,0,1
"7011","pabebegirl",1,0,1
"7012","pacopi",1,0,1
"7013","paddock",1,1,0
"7014","paindo",1,1,0
"7015","pake",1,1,0
"7016","pakighinabi",1,0,1
"7017","pakistani",1,1,0
"7018","pala",1,0,1
"7019","palembang",1,0,1
"7020","pallavi",1,1,0
"7021","pamer",1,1,0
"7022","pampanga",1,1,0
"7023","pamuk",1,1,0
"7024","pana",1,0,1
"7025","pandimension",1,1,0
"7026","panel",1,0,1
"7027","panem",1,0,1
"7028","panga",1,0,1
"7029","panic",1,0,1
"7030","pano",1,0,1
"7031","panti",1,1,0
"7032","papa",1,1,0
"7033","paperboy",1,1,0
"7034","papertown",1,0,1
"7035","paperwhit",1,1,0
"7036","para",1,1,0
"7037","parad",1,0,1
"7038","paradis",1,1,0
"7039","paralysi",1,1,0
"7040","paralyz",1,1,0
"7041","parasyt",1,0,1
"7042","pardon",1,1,0
"7043","parijat",1,0,1
"7044","parkshar",1,1,0
"7045","parrot",1,0,1
"7046","particip",1,1,0
"7047","pasha",1,0,1
"7048","passport",1,0,1
"7049","password",1,1,0
"7050","passwordrecal",1,0,1
"7051","patch",1,0,1
"7052","pathor",1,1,0
"7053","pathway",1,1,0
"7054","patienc",1,1,0
"7055","patml482",1,0,1
"7056","patriot",1,1,0
"7057","patron",1,1,0
"7058","pattern",1,1,0
"7059","patti",1,1,0
"7060","paulin",1,1,0
"7061","paus",1,0,1
"7062","pausetim",1,1,0
"7063","paw",1,0,1
"7064","payn",1,1,0
"7065","paysafecard",1,1,0
"7066","pbb737bigatingconcert",1,1,0
"7067","pbcontest",1,0,1
"7068","pbevent",1,1,0
"7069","pblogger",1,1,0
"7070","pbr",1,0,1
"7071","pcb",1,0,1
"7072","pchelok",1,1,0
"7073","pd",1,0,1
"7074","pdf",1,0,1
"7075","pea",1,0,1
"7076","peachyloan",1,1,0
"7077","peak",1,1,0
"7078","pearl",1,1,0
"7079","pearson",1,1,0
"7080","peasant",1,0,1
"7081","pebbl",1,1,0
"7082","pech",1,1,0
"7083","pedal",1,1,0
"7084","pedant",1,1,0
"7085","pee",1,0,1
"7086","peed",1,0,1
"7087","pefumeri",1,1,0
"7088","pegea",1,0,1
"7089","pegel",1,1,0
"7090","peh",1,1,0
"7091","pen",1,0,1
"7092","penacova",1,1,0
"7093","peni",1,0,1
"7094","penni",1,0,1
"7095","penrithemu",1,0,1
"7096","pension",1,0,1
"7097","penthous",1,1,0
"7098","penyfan",1,0,1
"7099","peopleshoot",1,0,1
"7100","pepper",1,0,1
"7101","pepsi",1,1,0
"7102","per",1,1,0
"7103","percentag",1,0,1
"7104","peregrin",1,0,1
"7105","perfum",1,0,1
"7106","period",1,0,1
"7107","periscop",1,0,1
"7108","personalis",1,1,0
"7109","perspect",1,0,1
"7110","persuad",1,0,1
"7111","peru",1,1,0
"7112","pervert",1,1,0
"7113","pesaro",1,0,1
"7114","peso",1,0,1
"7115","petal",1,0,1
"7116","petit",1,0,1
"7117","petjam",1,1,0
"7118","petra",1,1,0
"7119","petrol",1,0,1
"7120","peyton",1,1,0
"7121","pffff",1,0,1
"7122","pfft",1,0,1
"7123","pg279q",1,0,1
"7124","pglcsgo",1,1,0
"7125","pgs",1,0,1
"7126","phandroid",1,0,1
"7127","phantasi",1,0,1
"7128","pharma",1,0,1
"7129","phela",1,1,0
"7130","phenomen",1,1,0
"7131","phew",1,1,0
"7132","phil",1,1,0
"7133","philea",1,1,0
"7134","philli",1,1,0
"7135","philosoph",1,1,0
"7136","phir",1,1,0
"7137","phl",1,1,0
"7138","phoeb",1,0,1
"7139","phonegraph",1,1,0
"7140","photocard",1,0,1
"7141","photoshoooot",1,0,1
"7142","photoshoot",1,1,0
"7143","php",1,1,0
"7144","php5mysql",1,0,1
"7145","phps",1,1,0
"7146","phrase",1,0,1
"7147","phulani",1,1,0
"7148","physiotherapi",1,1,0
"7149","physiqu",1,1,0
"7150","picki",1,0,1
"7151","pictwittercomjxz2lbv6o",1,1,0
"7152","picwhat",1,0,1
"7153","pie",1,1,0
"7154","pier",1,0,1
"7155","pierojogg",1,1,0
"7156","pigeon",1,0,1
"7157","piggin",1,1,0
"7158","pijjabłka",1,1,0
"7159","pikami",1,1,0
"7160","pill",1,1,0
"7161","pilllow",1,0,1
"7162","pin7df9e60a",1,1,0
"7163","pine",1,0,1
"7164","pinkfinit",1,0,1
"7165","pinya",1,1,0
"7166","pip",1,0,1
"7167","pipe",1,0,1
"7168","pippa",1,1,0
"7169","pirouett",1,1,0
"7170","pish",1,0,1
"7171","pistol",1,1,0
"7172","pit",1,0,1
"7173","pitbul",1,1,0
"7174","pitchwar",1,0,1
"7175","pitmantrain",1,1,0
"7176","pjs",1,0,1
"7177","plagu",1,0,1
"7178","plain",1,0,1
"7179","planner",1,0,1
"7180","planningtim",1,1,0
"7181","platon",1,1,0
"7182","playabl",1,0,1
"7183","playin",1,0,1
"7184","pleaaas",1,0,1
"7185","pleasanton",1,0,1
"7186","pleaseeee",1,0,1
"7187","pledg",1,0,1
"7188","plezzzz",1,1,0
"7189","pli",1,1,0
"7190","pliss",1,0,1
"7191","plisss",1,0,1
"7192","pll",1,0,1
"7193","plss",1,0,1
"7194","plsss",1,0,1
"7195","plsssssss",1,0,1
"7196","plssssssssssssssss",1,0,1
"7197","pluckerssss",1,0,1
"7198","plugdj",1,0,1
"7199","plugin",1,1,0
"7200","plush",1,1,0
"7201","plusmil",1,1,0
"7202","poc",1,0,1
"7203","pod",1,0,1
"7204","poem",1,1,0
"7205","poetri",1,1,0
"7206","pokemon",1,1,0
"7207","polaroid",1,0,1
"7208","poldi",1,1,0
"7209","polish",1,1,0
"7210","politician",1,1,0
"7211","polka",1,0,1
"7212","pollut",1,0,1
"7213","pon",1,0,1
"7214","pong",1,1,0
"7215","poni",1,1,0
"7216","pooo",1,0,1
"7217","poooo",1,0,1
"7218","poooootek",1,0,1
"7219","poop",1,0,1
"7220","poopi",1,0,1
"7221","popol",1,0,1
"7222","poppin",1,0,1
"7223","popsicl",1,1,0
"7224","popular",1,0,1
"7225","popularor",1,1,0
"7226","por",1,0,1
"7227","pora",1,0,1
"7228","porch",1,1,0
"7229","porosh",1,1,0
"7230","porsch",1,1,0
"7231","porschesupercup",1,1,0
"7232","portsmouth",1,1,0
"7233","portugal2015",1,1,0
"7234","posey",1,1,0
"7235","possitv",1,1,0
"7236","postcod",1,0,1
"7237","posti",1,0,1
"7238","postiv",1,1,0
"7239","postpon",1,0,1
"7240","pot",1,1,0
"7241","potagermi",1,0,1
"7242","potato",1,0,1
"7243","potenti",1,1,0
"7244","pothol",1,0,1
"7245","potter",1,0,1
"7246","pou",1,0,1
"7247","pounc",1,1,0
"7248","pout",1,1,0
"7249","povertyyouareevil",1,0,1
"7250","powder",1,0,1
"7251","powerpoint",1,0,1
"7252","powi",1,1,0
"7253","prami",1,0,1
"7254","prbrand",1,0,1
"7255","predict",1,0,1
"7256","preform",1,0,1
"7257","pregnanc",1,0,1
"7258","pregnant",1,0,1
"7259","preholiday",1,0,1
"7260","prelim",1,1,0
"7261","premier",1,0,1
"7262","premiun",1,0,1
"7263","prepaid",1,0,1
"7264","prescott",1,1,0
"7265","prescript",1,0,1
"7266","preseason",1,0,1
"7267","press",1,1,0
"7268","pressreleas",1,1,0
"7269","pret",1,0,1
"7270","pretoria",1,1,0
"7271","prettier",1,1,0
"7272","prettiest",1,1,0
"7273","pretzel",1,0,1
"7274","preval",1,0,1
"7275","preview",1,1,0
"7276","prexi",1,0,1
"7277","prey",1,0,1
"7278","pricelessantiqu",1,1,0
"7279","prima",1,0,1
"7280","princ",1,1,0
"7281","princess",1,1,0
"7282","princip",1,1,0
"7283","prinsesa",1,1,0
"7284","prior",1,1,0
"7285","prioriti",1,1,0
"7286","pris",1,1,0
"7287","prisssss",1,0,1
"7288","privaci",1,1,0
"7289","proactiv",1,1,0
"7290","problemat",1,0,1
"7291","problemmmmmmm",1,1,0
"7292","probnic",1,1,0
"7293","procedur",1,1,0
"7294","procrastin",1,1,0
"7295","progress",1,0,1
"7296","progrmr",1,1,0
"7297","prokabaddi",1,1,0
"7298","prolli",1,1,0
"7299","promethazin",1,0,1
"7300","prompt",1,0,1
"7301","pronounc",1,1,0
"7302","propa",1,0,1
"7303","prophet",1,1,0
"7304","proprieti",1,1,0
"7305","pros",1,1,0
"7306","prosecco",1,1,0
"7307","protein",1,0,1
"7308","proudtobem",1,1,0
"7309","proverb",1,1,0
"7310","provok",1,1,0
"7311","prrequest",1,1,0
"7312","prydz",1,0,1
"7313","ps3",1,1,0
"7314","psychopath",1,1,0
"7315","pti",1,1,0
"7316","ptsd",1,0,1
"7317","pubcast",1,1,0
"7318","pube",1,1,0
"7319","publilius",1,1,0
"7320","publish",1,1,0
"7321","pud",1,1,0
"7322","puffi",1,0,1
"7323","puhon",1,1,0
"7324","pun",1,1,0
"7325","punt",1,1,0
"7326","pup",1,0,1
"7327","purrtho",1,1,0
"7328","purti",1,0,1
"7329","pusher",1,1,0
"7330","pussycat",1,1,0
"7331","putovanja",1,1,0
"7332","pwrfl",1,1,0
"7333","pyaari",1,0,1
"7334","pyaaz",1,0,1
"7335","pyjama",1,0,1
"7336","pz",1,0,1
"7337","qatarday",1,1,0
"7338","qdon",1,0,1
"7339","qih",1,0,1
"7340","qt",1,0,1
"7341","quad",1,1,0
"7342","quan",1,1,0
"7343","quantum",1,1,0
"7344","que",1,0,1
"7345","queenesth",1,1,0
"7346","queri",1,1,0
"7347","quetiapin",1,0,1
"7348","quezon",1,1,0
"7349","qui",1,1,0
"7350","quicker",1,1,0
"7351","quickest",1,0,1
"7352","quiz",1,1,0
"7353","quuuuuuee",1,0,1
"7354","r2d2",1,1,0
"7355","rabbit",1,1,0
"7356","rachel",1,0,1
"7357","racial",1,0,1
"7358","racist",1,1,0
"7359","rad",1,1,0
"7360","rage",1,0,1
"7361","raha",1,0,1
"7362","raheel",1,1,0
"7363","raid",1,1,0
"7364","raincoat",1,1,0
"7365","raiz",1,0,1
"7366","rajnigandha",1,1,0
"7367","rajud",1,0,1
"7368","rakhi",1,1,0
"7369","rakna",1,1,0
"7370","rakyat",1,1,0
"7371","ralli",1,1,0
"7372","ram",1,1,0
"7373","ramadhan",1,0,1
"7374","ramd",1,0,1
"7375","ramo",1,0,1
"7376","ramzan",1,0,1
"7377","rancho",1,0,1
"7378","rand",1,0,1
"7379","randomreboot",1,0,1
"7380","randomrestart",1,0,1
"7381","randy9bi",1,1,0
"7382","rap",1,0,1
"7383","rape",1,1,0
"7384","rapist",1,0,1
"7385","rapper",1,1,0
"7386","rapunzel",1,1,0
"7387","rash",1,0,1
"7388","rashmi",1,1,0
"7389","rata",1,0,1
"7390","ratbaglat",1,0,1
"7391","rattl",1,0,1
"7392","ravag",1,1,0
"7393","rave",1,1,0
"7394","raven",1,0,1
"7395","raw",1,1,0
"7396","razzist1",1,0,1
"7397","rbi",1,0,1
"7398","rdd",1,0,1
"7399","re",1,1,0
"7400","reaali",1,0,1
"7401","reaalli",1,0,1
"7402","reaapear",1,1,0
"7403","reabsorbt",1,0,1
"7404","reachabl",1,1,0
"7405","readingr",1,1,0
"7406","readystockhijabmart",1,1,0
"7407","realliampayn",1,0,1
"7408","realoshi",1,1,0
"7409","realreview",1,1,0
"7410","rear",1,1,0
"7411","rearend",1,0,1
"7412","reassur",1,1,0
"7413","reboard",1,1,0
"7414","rec",1,1,0
"7415","recal",1,0,1
"7416","recap",1,1,0
"7417","receptionist",1,0,1
"7418","recharg",1,1,0
"7419","reciev",1,0,1
"7420","reckon",1,0,1
"7421","recov",1,0,1
"7422","redecor",1,1,0
"7423","redeem",1,0,1
"7424","redhead",1,1,0
"7425","redid",1,1,0
"7426","refer",1,1,0
"7427","refin",1,1,0
"7428","refuel",1,1,0
"7429","refurbish",1,0,1
"7430","regen",1,0,1
"7431","reh",1,1,0
"7432","rehash",1,0,1
"7433","reign",1,0,1
"7434","reina",1,1,0
"7435","rela",1,1,0
"7436","releasetyp",1,0,1
"7437","relentless",1,1,0
"7438","relev",1,1,0
"7439","relief",1,0,1
"7440","reliev",1,1,0
"7441","religion",1,1,0
"7442","remain",1,0,1
"7443","remarriag",1,1,0
"7444","remast",1,0,1
"7445","remedi",1,0,1
"7446","remot",1,1,0
"7447","renam",1,1,0
"7448","renew",1,1,0
"7449","rep",1,0,1
"7450","repackag",1,0,1
"7451","repay",1,1,0
"7452","replenish",1,1,0
"7453","reqd",1,1,0
"7454","rescoop",1,1,0
"7455","rescu",1,1,0
"7456","reset",1,0,1
"7457","resi",1,0,1
"7458","resort",1,1,0
"7459","resourc",1,0,1
"7460","respectlost",1,0,1
"7461","restart",1,0,1
"7462","resto",1,1,0
"7463","restor",1,0,1
"7464","retain",1,0,1
"7465","retali",1,1,0
"7466","retard",1,1,0
"7467","reus",1,1,0
"7468","revamp",1,0,1
"7469","reward",1,1,0
"7470","rewert",1,0,1
"7471","reynold",1,0,1
"7472","reynoldsgrl",1,0,1
"7473","rhd",1,0,1
"7474","rhisfor500",1,0,1
"7475","rhys",1,1,0
"7476","rice",1,0,1
"7477","rick",1,0,1
"7478","rickyfeb",1,1,0
"7479","ridden",1,1,0
"7480","rider",1,0,1
"7481","rightand",1,0,1
"7482","rightnow",1,0,1
"7483","rightth",1,0,1
"7484","rigid",1,1,0
"7485","rihanna",1,0,1
"7486","ripaaaaa",1,1,0
"7487","ripsandrabland",1,0,1
"7488","ripstegi",1,0,1
"7489","riptito",1,0,1
"7490","riri",1,0,1
"7491","riseso",1,0,1
"7492","riski",1,0,1
"7493","rito",1,0,1
"7494","ritual",1,1,0
"7495","riverd",1,1,0
"7496","rizal",1,0,1
"7497","rize",1,0,1
"7498","rlli",1,0,1
"7499","rlyhurt",1,0,1
"7500","rlyyyy",1,0,1
"7501","rm35",1,1,0
"7502","rma",1,0,1
"7503","rmtour2015",1,0,1
"7504","roadtrip",1,1,0
"7505","roar",1,0,1
"7506","roast",1,1,0
"7507","robe",1,0,1
"7508","robin",1,1,0
"7509","robinhood",1,0,1
"7510","robinhoodi",1,0,1
"7511","robyn",1,0,1
"7512","rocket",1,1,0
"7513","rockfish",1,1,0
"7514","rocro13glodyysbro",1,1,0
"7515","rod",1,1,0
"7516","rodder",1,1,0
"7517","rodfanta",1,0,1
"7518","rodwel",1,0,1
"7519","rogerwatch",1,0,1
"7520","rohingya",1,0,1
"7521","rohit",1,1,0
"7522","romabut",1,0,1
"7523","romantica",1,0,1
"7524","rome",1,0,1
"7525","roomi",1,1,0
"7526","roomit",1,0,1
"7527","roommat",1,0,1
"7528","roommateexperi",1,0,1
"7529","root",1,0,1
"7530","roseburi",1,0,1
"7531","rosh",1,1,0
"7532","rosidbinr",1,1,0
"7533","ross",1,0,1
"7534","rotorua",1,1,0
"7535","routt",1,1,0
"7536","roux",1,1,0
"7537","roy",1,1,0
"7538","rpli",1,0,1
"7539","rqst",1,1,0
"7540","rrp",1,1,0
"7541","rship",1,0,1
"7542","rtd",1,0,1
"7543","rtfav",1,1,0
"7544","rtss",1,1,0
"7545","rub",1,0,1
"7546","rubi",1,0,1
"7547","rudramadevi",1,1,0
"7548","rumbell",1,0,1
"7549","rumbl",1,0,1
"7550","rumpi",1,0,1
"7551","rundown",1,1,0
"7552","runescap",1,1,0
"7553","runni",1,0,1
"7554","rupert",1,0,1
"7555","ruth",1,0,1
"7556","rxthedailysurveyvot",1,1,0
"7557","ry",1,0,1
"7558","ryu",1,1,0
"7559","s02e04",1,1,0
"7560","s2",1,0,1
"7561","s2e12",1,0,1
"7562","s4",1,0,1
"7563","saaaaaaad",1,0,1
"7564","saaaad",1,0,1
"7565","saaad",1,0,1
"7566","saam",1,1,0
"7567","saar",1,1,0
"7568","sacconejoli",1,0,1
"7569","sachin",1,1,0
"7570","sadbad",1,0,1
"7571","sadkaay",1,1,0
"7572","sadlol",1,0,1
"7573","sadlyf",1,0,1
"7574","sadomasochist",1,1,0
"7575","sadomasochistsparadis",1,1,0
"7576","saera",1,1,0
"7577","safaa",1,0,1
"7578","safer",1,0,1
"7579","saffron",1,0,1
"7580","sail",1,1,0
"7581","sake",1,0,1
"7582","sakho",1,0,1
"7583","sakin",1,1,0
"7584","saklap",1,0,1
"7585","sakura",1,0,1
"7586","salabrati",1,0,1
"7587","salam",1,0,1
"7588","salamat",1,1,0
"7589","sali",1,1,0
"7590","salmon",1,1,0
"7591","salsa",1,1,0
"7592","samantha",1,1,0
"7593","sambal",1,1,0
"7594","samee",1,1,0
"7595","samei",1,0,1
"7596","samjha",1,0,1
"7597","samosa",1,1,0
"7598","sampath",1,1,0
"7599","sampl",1,0,1
"7600","samsung",1,1,0
"7601","sanda",1,1,0
"7602","sandboard",1,0,1
"7603","sandcastl",1,1,0
"7604","sandra",1,0,1
"7605","sandwhich",1,0,1
"7606","sane",1,0,1
"7607","santo",1,1,0
"7608","santorini",1,1,0
"7609","sanum",1,0,1
"7610","sanza",1,1,0
"7611","saphir",1,1,0
"7612","sapiosexu",1,0,1
"7613","sarajevo",1,0,1
"7614","saran",1,1,0
"7615","sararoc",1,0,1
"7616","sarcasm",1,1,0
"7617","sasin",1,0,1
"7618","satir",1,0,1
"7619","satisfi",1,0,1
"7620","saturdaythen",1,1,0
"7621","satya",1,0,1
"7622","satyajit",1,1,0
"7623","sausag",1,0,1
"7624","savag",1,1,0
"7625","savanna",1,0,1
"7626","savesso",1,1,0
"7627","savetherohingya",1,0,1
"7628","sayhappybirthday",1,1,0
"7629","sayhernam",1,0,1
"7630","sazbal",1,0,1
"7631","sbali",1,0,1
"7632","sbenu",1,0,1
"7633","scale",1,0,1
"7634","scam",1,1,0
"7635","scamper",1,1,0
"7636","scan",1,1,0
"7637","scar",1,1,0
"7638","scarf",1,0,1
"7639","scenario",1,0,1
"7640","sch",1,0,1
"7641","sched",1,0,1
"7642","scheuermann",1,0,1
"7643","schoolsoutforsumm",1,1,0
"7644","schoolwork",1,0,1
"7645","scififan",1,1,0
"7646","scissor",1,0,1
"7647","scold",1,0,1
"7648","scone",1,0,1
"7649","scotlandismass",1,1,0
"7650","scottish",1,0,1
"7651","scouser",1,1,0
"7652","scout",1,1,0
"7653","screencap",1,1,0
"7654","scroll",1,0,1
"7655","scrub",1,0,1
"7656","scrummi",1,1,0
"7657","sculptor",1,1,0
"7658","scurri",1,1,0
"7659","sd",1,0,1
"7660","se100lead",1,1,0
"7661","seafood",1,1,0
"7662","seatmat",1,0,1
"7663","sebastian",1,0,1
"7664","secondari",1,0,1
"7665","sect",1,0,1
"7666","sed",1,0,1
"7667","seehiah",1,0,1
"7668","seek",1,0,1
"7669","seeker",1,0,1
"7670","segalakatakata",1,1,0
"7671","sel",1,0,1
"7672","selamat",1,1,0
"7673","selamathariraya",1,1,0
"7674","selangor",1,0,1
"7675","select",1,1,0
"7676","selekt",1,1,0
"7677","selen",1,0,1
"7678","selfieeee",1,1,0
"7679","selfish",1,0,1
"7680","selfpublish",1,1,0
"7681","selfxss",1,0,1
"7682","selo",1,1,0
"7683","selway",1,1,0
"7684","sembuh",1,1,0
"7685","semi",1,1,0
"7686","sengenza",1,0,1
"7687","senight468",1,0,1
"7688","senpai",1,0,1
"7689","sensiesha",1,0,1
"7690","sensor",1,0,1
"7691","sentirs",1,0,1
"7692","seo",1,0,1
"7693","seouljin",1,1,0
"7694","separ",1,1,0
"7695","septum",1,0,1
"7696","sequel",1,0,1
"7697","ser",1,0,1
"7698","serbia",1,0,1
"7699","serbian",1,0,1
"7700","servicewithasmil",1,1,0
"7701","servus",1,1,0
"7702","setokido",1,1,0
"7703","setter",1,0,1
"7704","settl",1,1,0
"7705","setup",1,1,0
"7706","seungchan",1,0,1
"7707","seungyeon",1,1,0
"7708","sew",1,0,1
"7709","sexcam",1,0,1
"7710","sexchat",1,1,0
"7711","sexyamelie20",1,0,1
"7712","sexyjane19",1,0,1
"7713","sfs",1,0,1
"7714","sfvbeta",1,1,0
"7715","sg1",1,1,0
"7716","shaa",1,0,1
"7717","shaaaa",1,0,1
"7718","shadow",1,1,0
"7719","shadowplayloui",1,1,0
"7720","shahid",1,1,0
"7721","shalwarkameez",1,1,0
"7722","sham",1,0,1
"7723","shamen",1,0,1
"7724","shamuon",1,0,1
"7725","shannon",1,1,0
"7726","shanzay",1,0,1
"7727","shape",1,0,1
"7728","shark",1,0,1
"7729","sharm",1,1,0
"7730","sharyl",1,0,1
"7731","shatter",1,1,0
"7732","shaun",1,1,0
"7733","shauri",1,1,0
"7734","shawn",1,0,1
"7735","shawti",1,0,1
"7736","shaylan",1,0,1
"7737","she",1,1,0
"7738","sheen",1,1,0
"7739","sheer",1,1,0
"7740","sheeran",1,0,1
"7741","shek609",1,0,1
"7742","shell",1,1,0
"7743","sheriff",1,0,1
"7744","sheskindahot",1,1,0
"7745","shet",1,1,0
"7746","shi",1,0,1
"7747","shiatsu",1,0,1
"7748","shiiiit",1,0,1
"7749","shiiiitt",1,1,0
"7750","shiiit",1,0,1
"7751","shini",1,0,1
"7752","shinsengumi",1,0,1
"7753","shipper",1,1,0
"7754","shir0",1,1,0
"7755","shirleycam",1,0,1
"7756","shite",1,0,1
"7757","shitfac",1,1,0
"7758","shithous",1,0,1
"7759","shitti",1,0,1
"7760","shittier",1,0,1
"7761","shityour",1,0,1
"7762","shiva",1,1,0
"7763","shiver",1,0,1
"7764","sho",1,1,0
"7765","shob",1,1,0
"7766","shoeshi",1,1,0
"7767","shogi",1,0,1
"7768","sholong",1,0,1
"7769","shor",1,0,1
"7770","shorthair",1,1,0
"7771","shortlist",1,1,0
"7772","shouldeeerr",1,0,1
"7773","shouldv",1,0,1
"7774","shoushitsu",1,1,0
"7775","showbox",1,0,1
"7776","shown",1,1,0
"7777","showpo",1,1,0
"7778","showsim",1,1,0
"7779","shravan",1,0,1
"7780","shropshir",1,1,0
"7781","shud",1,1,0
"7782","shweta",1,1,0
"7783","shxbs",1,0,1
"7784","si",1,0,1
"7785","sia",1,1,0
"7786","sialan",1,0,1
"7787","siannn",1,0,1
"7788","sibuk",1,1,0
"7789","sic",1,0,1
"7790","siddi",1,1,0
"7791","sidni",1,1,0
"7792","sigeg",1,0,1
"7793","sighssss",1,0,1
"7794","signatur",1,0,1
"7795","siguro",1,1,0
"7796","sikandar",1,1,0
"7797","silang",1,0,1
"7798","silent",1,0,1
"7799","silicon",1,0,1
"7800","silverston",1,1,0
"7801","sim",1,0,1
"7802","simon",1,1,0
"7803","simpson",1,0,1
"7804","sin",1,1,0
"7805","sinaloa",1,1,0
"7806","singer",1,1,0
"7807","sinhala",1,0,1
"7808","sini",1,0,1
"7809","sinist",1,1,0
"7810","sins",1,0,1
"7811","sinuend",1,0,1
"7812","siregar",1,1,0
"7813","sirf",1,0,1
"7814","sirius",1,0,1
"7815","sirkay",1,0,1
"7816","sirpleas",1,0,1
"7817","sissi",1,0,1
"7818","sisterinlaw",1,0,1
"7819","six",1,1,0
"7820","sizam",1,1,0
"7821","sizw",1,0,1
"7822","sjkao",1,0,1
"7823","sjw",1,1,0
"7824","skeem",1,1,0
"7825","skip",1,0,1
"7826","skirt",1,0,1
"7827","skoy",1,1,0
"7828","skrillah",1,0,1
"7829","skulker",1,0,1
"7830","skyblock",1,1,0
"7831","skye",1,0,1
"7832","skyfal",1,0,1
"7833","slack",1,1,0
"7834","slacke565",1,0,1
"7835","slam",1,0,1
"7836","slay",1,1,0
"7837","sleeeep",1,0,1
"7838","sleepdepriv",1,0,1
"7839","sleepingwithsiren",1,0,1
"7840","sleepov",1,0,1
"7841","sleeptight",1,1,0
"7842","slide",1,0,1
"7843","slideshow",1,1,0
"7844","slip",1,1,0
"7845","slipper",1,0,1
"7846","slogan",1,0,1
"7847","sloppi",1,1,0
"7848","slovak",1,0,1
"7849","slovakia",1,0,1
"7850","slower",1,1,0
"7851","slowli",1,0,1
"7852","slp",1,0,1
"7853","smashingbook5",1,1,0
"7854","sme",1,1,0
"7855","smelli",1,0,1
"7856","smf",1,1,0
"7857","smhdamn",1,0,1
"7858","smi",1,0,1
"7859","smith",1,0,1
"7860","smoak",1,1,0
"7861","smooth",1,0,1
"7862","smtm4",1,0,1
"7863","smu",1,1,0
"7864","smug",1,1,0
"7865","sn16",1,1,0
"7866","snark",1,1,0
"7867","sneaker",1,1,0
"7868","sneezi",1,0,1
"7869","sniff",1,0,1
"7870","snit",1,0,1
"7871","snob",1,0,1
"7872","snobbi",1,1,0
"7873","snooker",1,1,0
"7874","snooz",1,1,0
"7875","snot",1,0,1
"7876","snow",1,0,1
"7877","snpcaht",1,1,0
"7878","snuggl",1,0,1
"7879","soak",1,0,1
"7880","soamaz",1,1,0
"7881","sobrang",1,0,1
"7882","sobtian",1,1,0
"7883","soccer",1,0,1
"7884","socent",1,1,0
"7885","socialis",1,0,1
"7886","socialmedia",1,1,0
"7887","socialreward",1,0,1
"7888","socialwebsit",1,1,0
"7889","sociamedia",1,1,0
"7890","socket",1,1,0
"7891","sod",1,0,1
"7892","soda",1,1,0
"7893","sodder",1,0,1
"7894","sofa",1,1,0
"7895","softbal",1,0,1
"7896","softwar",1,0,1
"7897","soggi",1,0,1
"7898","sohappyrightnow",1,1,0
"7899","soho",1,0,1
"7900","sokay",1,1,0
"7901","solar",1,1,0
"7902","solid",1,1,0
"7903","soln",1,0,1
"7904","soloist",1,1,0
"7905","solvo",1,0,1
"7906","somersetlook",1,0,1
"7907","somi",1,1,0
"7908","sona",1,1,0
"7909","sonaaaaaaa",1,1,0
"7910","sonal",1,1,0
"7911","sone",1,0,1
"7912","sonic",1,1,0
"7913","soniii",1,0,1
"7914","soobin",1,0,1
"7915","soonest",1,0,1
"7916","sooooo",1,0,1
"7917","sooooooo",1,1,0
"7918","soooooooner",1,0,1
"7919","soooooooo",1,0,1
"7920","sooooooooooo",1,0,1
"7921","sooth",1,1,0
"7922","soph",1,1,0
"7923","soprano",1,1,0
"7924","sorelik",1,1,0
"7925","sorka",1,0,1
"7926","sorna",1,0,1
"7927","sorrri",1,0,1
"7928","sorrrrryyyyi",1,0,1
"7929","sorryi",1,0,1
"7930","sorta",1,0,1
"7931","soshi",1,0,1
"7932","sosweet",1,1,0
"7933","sotir",1,0,1
"7934","sotw",1,1,0
"7935","soulmat",1,0,1
"7936","soulsurvivor15",1,0,1
"7937","soundcheck",1,0,1
"7938","soundtrack",1,1,0
"7939","sourceso",1,1,0
"7940","sowwi",1,0,1
"7941","sp",1,0,1
"7942","spacer",1,1,0
"7943","spade",1,0,1
"7944","spag",1,1,0
"7945","spanner",1,1,0
"7946","sparki",1,1,0
"7947","spars",1,0,1
"7948","spazz",1,0,1
"7949","speaker",1,0,1
"7950","spec",1,1,0
"7951","spece",1,0,1
"7952","speci",1,0,1
"7953","specialist",1,1,0
"7954","speciallymark",1,1,0
"7955","speck",1,0,1
"7956","speculationand",1,1,0
"7957","speech",1,1,0
"7958","spice",1,1,0
"7959","spick",1,0,1
"7960","spinenoth",1,0,1
"7961","spinni",1,0,1
"7962","spinorbinmusicxcodysimpson",1,0,1
"7963","spiritu",1,1,0
"7964","splendid",1,1,0
"7965","spm",1,1,0
"7966","spoil",1,1,0
"7967","spoke",1,0,1
"7968","sponsorship",1,1,0
"7969","spray",1,0,1
"7970","sprit",1,1,0
"7971","sprite",1,1,0
"7972","squad",1,1,0
"7973","squar",1,1,0
"7974","squat",1,1,0
"7975","squishi",1,0,1
"7976","sr",1,0,1
"7977","srbija",1,1,0
"7978","sri",1,0,1
"7979","srijith",1,1,0
"7980","srski",1,0,1
"7981","ss",1,1,0
"7982","stackar",1,0,1
"7983","stafford",1,0,1
"7984","stair",1,0,1
"7985","stalker",1,0,1
"7986","stamina",1,1,0
"7987","standbi",1,0,1
"7988","standen",1,0,1
"7989","standrew",1,1,0
"7990","standwdik",1,1,0
"7991","stare",1,1,0
"7992","stargat",1,1,0
"7993","stark",1,1,0
"7994","startd",1,1,0
"7995","starter",1,1,0
"7996","startim",1,0,1
"7997","startupph",1,1,0
"7998","starwar",1,1,0
"7999","statement",1,1,0
"8000","stationari",1,1,0
"8001","staybless",1,1,0
"8002","stayfresh",1,1,0
"8003","steal",1,0,1
"8004","steelbook",1,1,0
"8005","stefani",1,1,0
"8006","stella",1,0,1
"8007","stem",1,1,0
"8008","stephen",1,0,1
"8009","stereo",1,0,1
"8010","sterl",1,0,1
"8011","steroid",1,1,0
"8012","stetson",1,0,1
"8013","steven",1,0,1
"8014","stexpert",1,0,1
"8015","sth",1,0,1
"8016","sticker",1,1,0
"8017","stiff",1,1,0
"8018","stiffen",1,1,0
"8019","sting",1,0,1
"8020","stocko",1,0,1
"8021","stoke",1,1,0
"8022","stolen",1,0,1
"8023","stomachach",1,0,1
"8024","stomp",1,0,1
"8025","stone",1,1,0
"8026","stool",1,1,0
"8027","stooooop",1,0,1
"8028","storifi",1,0,1
"8029","stormsgtgt",1,1,0
"8030","storymiss",1,0,1
"8031","strap",1,0,1
"8032","straplin",1,0,1
"8033","straw",1,0,1
"8034","strawberri",1,0,1
"8035","streak",1,0,1
"8036","streamer",1,1,0
"8037","stretch",1,0,1
"8038","strip",1,1,0
"8039","stroke",1,1,0
"8040","stronger",1,1,0
"8041","strongest",1,1,0
"8042","struck",1,0,1
"8043","stu",1,0,1
"8044","stuart",1,0,1
"8045","stud",1,0,1
"8046","studio",1,0,1
"8047","stuffi",1,0,1
"8048","stumbl",1,1,0
"8049","sturdi",1,1,0
"8050","stylish",1,1,0
"8051","suan",1,0,1
"8052","suav",1,1,0
"8053","suay",1,0,1
"8054","subcontin",1,1,0
"8055","subdivis",1,0,1
"8056","subgam",1,1,0
"8057","subj",1,0,1
"8058","sublimin",1,1,0
"8059","submiss",1,1,0
"8060","submit",1,1,0
"8061","subserv",1,0,1
"8062","subsid",1,0,1
"8063","subsidi",1,1,0
"8064","subtitl",1,0,1
"8065","subway",1,0,1
"8066","succeed",1,1,0
"8067","such",1,0,1
"8068","sucki",1,0,1
"8069","suckmejimin",1,0,1
"8070","sue",1,0,1
"8071","sued",1,0,1
"8072","sugar",1,0,1
"8073","sugaralmost",1,0,1
"8074","sugarrush",1,1,0
"8075","suger",1,0,1
"8076","suicid",1,1,0
"8077","suitabl",1,1,0
"8078","sulk",1,0,1
"8079","sulli",1,0,1
"8080","suma",1,0,1
"8081","sumedh",1,1,0
"8082","sumer",1,0,1
"8083","summerismiss",1,0,1
"8084","summertim",1,0,1
"8085","summon",1,1,0
"8086","sunburnt",1,0,1
"8087","sunglass",1,1,0
"8088","sunjam",1,1,0
"8089","sunnah",1,1,0
"8090","sunnyday",1,1,0
"8091","sunris",1,0,1
"8092","sunway",1,0,1
"8093","supa",1,1,0
"8094","superb",1,1,0
"8095","superblend",1,1,0
"8096","supercar",1,0,1
"8097","superday",1,1,0
"8098","superdri",1,1,0
"8099","superhero",1,1,0
"8100","supermarket",1,1,0
"8101","supernatur",1,1,0
"8102","supersmash",1,1,0
"8103","supersport",1,0,1
"8104","suppl",1,0,1
"8105","supprt",1,1,0
"8106","supris",1,1,0
"8107","surajettan",1,1,0
"8108","suriya",1,0,1
"8109","surprisedyou",1,1,0
"8110","surrey",1,1,0
"8111","surri",1,1,0
"8112","suspems",1,0,1
"8113","suuuuuuuper",1,0,1
"8114","sux",1,0,1
"8115","suzan",1,1,0
"8116","suzi",1,0,1
"8117","swallow",1,0,1
"8118","swap",1,0,1
"8119","swasa",1,1,0
"8120","swearword",1,1,0
"8121","sweater",1,0,1
"8122","sweatpant",1,1,0
"8123","sweden",1,0,1
"8124","sweedi",1,0,1
"8125","sweeeeeeeeti",1,1,0
"8126","sweetan",1,1,0
"8127","sweetheart",1,1,0
"8128","swerv",1,1,0
"8129","swift",1,0,1
"8130","swifti",1,0,1
"8131","swipe",1,0,1
"8132","swisher",1,1,0
"8133","switzerland",1,0,1
"8134","swollen",1,0,1
"8135","swore",1,1,0
"8136","sws",1,1,0
"8137","swt",1,1,0
"8138","sxrew",1,0,1
"8139","syawal",1,0,1
"8140","sydney",1,0,1
"8141","symphoni",1,0,1
"8142","syndrom",1,0,1
"8143","syria",1,0,1
"8144","syriaand",1,0,1
"8145","syrup",1,1,0
"8146","syrus",1,1,0
"8147","t20",1,0,1
"8148","taal",1,1,0
"8149","tablet",1,1,0
"8150","tack",1,1,0
"8151","tacki",1,0,1
"8152","tae",1,0,1
"8153","taem",1,0,1
"8154","taeyeon",1,0,1
"8155","taft",1,1,0
"8156","tagal",1,0,1
"8157","tagsforlikesapp",1,1,0
"8158","tail",1,1,0
"8159","taissa",1,0,1
"8160","takeaway",1,1,0
"8161","takeov",1,0,1
"8162","takesonetoknowon",1,1,0
"8163","takfaham",1,0,1
"8164","taknottem477",1,0,1
"8165","takoyaki",1,0,1
"8166","takraw",1,0,1
"8167","talaga",1,0,1
"8168","talant",1,1,0
"8169","talkback",1,1,0
"8170","talkkama",1,0,1
"8171","tam",1,0,1
"8172","tama",1,0,1
"8173","tamang",1,1,0
"8174","tamesid",1,1,0
"8175","tamp",1,1,0
"8176","tampc",1,0,1
"8177","tango",1,1,0
"8178","tanisha1non",1,1,0
"8179","taray",1,0,1
"8180","tard",1,0,1
"8181","tarryn",1,1,0
"8182","tasteless",1,0,1
"8183","tasti",1,1,0
"8184","tat",1,0,1
"8185","tato",1,1,0
"8186","tau",1,1,0
"8187","taught",1,1,0
"8188","taunton",1,0,1
"8189","taxikitchen",1,1,0
"8190","taxonom",1,0,1
"8191","taybigail",1,0,1
"8192","tayo",1,1,0
"8193","tbc",1,1,0
"8194","tbf",1,0,1
"8195","tbs",1,1,0
"8196","tc",1,1,0
"8197","tdc",1,0,1
"8198","tdi",1,1,0
"8199","tdif",1,1,0
"8200","te",1,0,1
"8201","teabread",1,1,0
"8202","teal",1,0,1
"8203","teamadmicro",1,1,0
"8204","teamjanuaryclaims100",1,1,0
"8205","teamnatur",1,1,0
"8206","teamposit",1,1,0
"8207","teamr",1,1,0
"8208","teamzip",1,0,1
"8209","tearout",1,1,0
"8210","tebrik",1,1,0
"8211","techniqu",1,0,1
"8212","teh",1,1,0
"8213","teleport",1,1,0
"8214","televot",1,0,1
"8215","tellanoldjokeday",1,1,0
"8216","temperatur",1,1,0
"8217","tempor",1,1,0
"8218","ten",1,1,0
"8219","tengaman",1,1,0
"8220","tengkuaaronshah",1,1,0
"8221","tennunb",1,0,1
"8222","tension",1,0,1
"8223","tent",1,1,0
"8224","tentat",1,1,0
"8225","tenyai",1,1,0
"8226","teribl",1,0,1
"8227","terrif",1,1,0
"8228","tessnzach",1,1,0
"8229","testicl",1,1,0
"8230","texist",1,0,1
"8231","tfw",1,0,1
"8232","tgifhappi",1,1,0
"8233","tgk",1,0,1
"8234","tgp1",1,1,0
"8235","tgv",1,1,0
"8236","thaaaat",1,0,1
"8237","thaaank",1,1,0
"8238","thaank",1,0,1
"8239","thailand",1,0,1
"8240","thalaivar",1,1,0
"8241","thanksss",1,1,0
"8242","thankssss",1,0,1
"8243","thanksyou",1,1,0
"8244","thankyou1dfor",1,1,0
"8245","thankyouu",1,0,1
"8246","thankyouuu",1,1,0
"8247","thanx",1,1,0
"8248","thapelo",1,0,1
"8249","thark",1,1,0
"8250","tháts",1,0,1
"8251","thatscold",1,0,1
"8252","thatselfiethough",1,0,1
"8253","theaccidentalcoupl",1,0,1
"8254","theater",1,0,1
"8255","theatr",1,0,1
"8256","thebestangkapuso",1,1,0
"8257","thegrandad",1,1,0
"8258","thehungergam",1,1,0
"8259","their",1,1,0
"8260","thejuiceinthemix",1,1,0
"8261","thek",1,1,0
"8262","thelock76",1,0,1
"8263","themadstork",1,1,0
"8264","themi",1,0,1
"8265","themselv",1,1,0
"8266","themselvesihatesomepeopl",1,0,1
"8267","thencerest547",1,1,0
"8268","thenting423",1,0,1
"8269","theo",1,0,1
"8270","theocrat",1,1,0
"8271","theoper479",1,1,0
"8272","therapi",1,0,1
"8273","therealgolden47",1,1,0
"8274","therefor",1,0,1
"8275","therep",1,1,0
"8276","therer",1,1,0
"8277","thermo",1,0,1
"8278","therver85552",1,1,0
"8279","thesi",1,0,1
"8280","thesims4",1,1,0
"8281","thessidew877",1,0,1
"8282","they",1,1,0
"8283","thick",1,1,0
"8284","thin",1,1,0
"8285","thingi",1,0,1
"8286","things2cop",1,0,1
"8287","thirdwheel",1,0,1
"8288","thirstyyyy",1,0,1
"8289","thishop",1,1,0
"8290","thistl",1,1,0
"8291","thistlelov",1,1,0
"8292","thiz",1,0,1
"8293","thks",1,1,0
"8294","thnks",1,1,0
"8295","thnkyouuuuuuuuu",1,0,1
"8296","thobut",1,1,0
"8297","thoo",1,0,1
"8298","thoofscreenh",1,0,1
"8299","thooo",1,0,1
"8300","thoracicbridg",1,1,0
"8301","thorin",1,1,0
"8302","thou",1,1,0
"8303","thoughtseiz",1,0,1
"8304","thq",1,1,0
"8305","thr",1,0,1
"8306","thread",1,0,1
"8307","threat",1,0,1
"8308","thrice",1,1,0
"8309","thrive",1,1,0
"8310","through",1,1,0
"8311","throwbackfriday",1,1,0
"8312","thtas",1,1,0
"8313","thts",1,0,1
"8314","thug",1,1,0
"8315","thumb",1,1,0
"8316","thunderstorm",1,1,0
"8317","thur",1,1,0
"8318","thur30juli",1,1,0
"8319","thurston",1,0,1
"8320","thusi",1,1,0
"8321","thw",1,1,0
"8322","thwart",1,0,1
"8323","tick",1,1,0
"8324","tickl",1,0,1
"8325","tiddler",1,0,1
"8326","tii",1,1,0
"8327","tile",1,1,0
"8328","timeguess",1,1,0
"8329","timetunnel",1,1,0
"8330","timezon",1,1,0
"8331","timog",1,1,0
"8332","timw",1,0,1
"8333","tine",1,1,0
"8334","tio",1,1,0
"8335","tiredashel",1,0,1
"8336","tirth",1,1,0
"8337","tissu",1,1,0
"8338","tita",1,0,1
"8339","titan",1,0,1
"8340","titanfal",1,1,0
"8341","tito",1,0,1
"8342","tittheir42",1,0,1
"8343","tks",1,1,0
"8344","tkts",1,1,0
"8345","tla",1,0,1
"8346","tline",1,0,1
"8347","tlist",1,0,1
"8348","tmwuwuwel",1,0,1
"8349","tnc",1,1,0
"8350","tobibro",1,1,0
"8351","todaybought",1,0,1
"8352","todayi",1,0,1
"8353","todaythat",1,0,1
"8354","todayyesterday",1,0,1
"8355","todayyyyy",1,1,0
"8356","toddlerlif",1,1,0
"8357","todo",1,1,0
"8358","toe",1,0,1
"8359","tofrom",1,0,1
"8360","toghet",1,0,1
"8361","toler",1,0,1
"8362","toll",1,0,1
"8363","tologooo",1,1,0
"8364","toma",1,1,0
"8365","tombow",1,1,0
"8366","tombraid",1,1,0
"8367","tomcat",1,0,1
"8368","tomgt",1,1,0
"8369","tomhiddleston",1,1,0
"8370","tomlinson",1,1,0
"8371","tommarow",1,1,0
"8372","tommi",1,0,1
"8373","tomorrowland",1,1,0
"8374","tompolo",1,1,0
"8375","tone",1,0,1
"8376","tong",1,0,1
"8377","tongu",1,1,0
"8378","tonightther",1,1,0
"8379","toogot",1,0,1
"8380","tooo",1,0,1
"8381","tooooooo",1,0,1
"8382","toowel",1,0,1
"8383","top10",1,0,1
"8384","topgear",1,0,1
"8385","toppl",1,1,0
"8386","toptravelcentar",1,1,0
"8387","topwat",1,1,0
"8388","tore",1,0,1
"8389","tori",1,1,0
"8390","torn",1,0,1
"8391","toronto",1,0,1
"8392","torrentialrain",1,0,1
"8393","tortur",1,0,1
"8394","tose",1,1,0
"8395","tote",1,0,1
"8396","totem",1,1,0
"8397","tower",1,1,0
"8398","townssssss",1,0,1
"8399","toworri",1,1,0
"8400","toxin",1,0,1
"8401","tp",1,0,1
"8402","trace",1,0,1
"8403","tradetalk",1,1,0
"8404","tradit",1,0,1
"8405","tragedi",1,0,1
"8406","tragic",1,0,1
"8407","trail",1,0,1
"8408","trailblazerhonor",1,1,0
"8409","trainer",1,1,0
"8410","tram",1,0,1
"8411","tramlin",1,1,0
"8412","tranc",1,1,0
"8413","transcript",1,0,1
"8414","transmiss",1,0,1
"8415","transpar",1,0,1
"8416","trapmus",1,1,0
"8417","trendi",1,1,0
"8418","trespass",1,0,1
"8419","treviso",1,1,0
"8420","trial",1,1,0
"8421","triathlet",1,1,0
"8422","tricki",1,0,1
"8423","tridon",1,1,0
"8424","trim",1,1,0
"8425","tripathi",1,1,0
"8426","trish",1,1,0
"8427","trivia",1,0,1
"8428","troll",1,1,0
"8429","troop",1,1,0
"8430","tropic",1,1,0
"8431","trouser",1,0,1
"8432","truthfulwordsof",1,1,0
"8433","tseba",1,0,1
"8434","tsktsk",1,0,1
"8435","ttctop",1,1,0
"8436","tthank",1,1,0
"8437","tttt",1,0,1
"8438","tub",1,0,1
"8439","tube",1,0,1
"8440","tud",1,1,0
"8441","tuitutil",1,1,0
"8442","tukutanemombasa",1,1,0
"8443","tulan",1,1,0
"8444","tum",1,0,1
"8445","tumblr",1,0,1
"8446","tumor",1,0,1
"8447","tumour",1,0,1
"8448","tuna",1,1,0
"8449","tunaita",1,0,1
"8450","turkish",1,1,0
"8451","tut",1,0,1
"8452","tutori",1,0,1
"8453","twas",1,1,0
"8454","tweeniefox",1,1,0
"8455","tweepsmatchout",1,0,1
"8456","tweeti",1,1,0
"8457","tweetlandlol",1,1,0
"8458","tweetofthedecad",1,1,0
"8459","twelvyy",1,0,1
"8460","tweng",1,0,1
"8461","twin",1,0,1
"8462","twine",1,1,0
"8463","twinx",1,1,0
"8464","twitlong",1,1,0
"8465","twurkin",1,0,1
"8466","txt",1,0,1
"8467","txtshot",1,0,1
"8468","tykkäsin",1,1,0
"8469","tyler",1,1,0
"8470","tyre",1,1,0
"8471","u21",1,1,0
"8472","über",1,0,1
"8473","ubud",1,1,0
"8474","ubusi",1,0,1
"8475","uca",1,0,1
"8476","ucan",1,0,1
"8477","ucl",1,1,0
"8478","ucount",1,1,0
"8479","uff",1,0,1
"8480","ufffff",1,0,1
"8481","ug",1,0,1
"8482","uggghhhh",1,1,0
"8483","ughh",1,0,1
"8484","ughi",1,0,1
"8485","uhuh",1,1,0
"8486","ukiss",1,0,1
"8487","ukrain",1,1,0
"8488","ulolwanna",1,1,0
"8489","ulti",1,0,1
"8490","ultim",1,1,0
"8491","ultor",1,1,0
"8492","um",1,1,0
"8493","umaga",1,1,0
"8494","umair",1,1,0
"8495","umaru",1,1,0
"8496","umboh",1,0,1
"8497","umma",1,1,0
"8498","unagi",1,0,1
"8499","unam",1,1,0
"8500","unansw",1,0,1
"8501","unappreci",1,1,0
"8502","unavail",1,0,1
"8503","uncl",1,1,0
"8504","uncount",1,1,0
"8505","uncut",1,1,0
"8506","und",1,1,0
"8507","undead",1,1,0
"8508","undercoverboss",1,0,1
"8509","underr",1,0,1
"8510","underwat",1,1,0
"8511","unev",1,1,0
"8512","unfamiliar",1,0,1
"8513","unfav",1,0,1
"8514","unfriend",1,0,1
"8515","unhappi",1,0,1
"8516","unhealthi",1,0,1
"8517","unicef",1,0,1
"8518","uniform",1,1,0
"8519","unimport",1,1,0
"8520","unives",1,1,0
"8521","unlimit",1,1,0
"8522","unlist",1,1,0
"8523","unlock",1,1,0
"8524","unlov",1,0,1
"8525","unluckiest",1,0,1
"8526","unmarri",1,0,1
"8527","unmarriedcheck",1,1,0
"8528","unneed",1,1,0
"8529","unnieee",1,1,0
"8530","unpar",1,0,1
"8531","unprepar",1,0,1
"8532","unreal",1,1,0
"8533","unsettl",1,0,1
"8534","unstan",1,0,1
"8535","unsuccess",1,0,1
"8536","untap",1,1,0
"8537","untouch",1,0,1
"8538","untruth",1,0,1
"8539","unvarnish",1,1,0
"8540","unwind",1,1,0
"8541","upper",1,1,0
"8542","upsid",1,1,0
"8543","upwt",1,0,1
"8544","urgh",1,0,1
"8545","urghhh",1,0,1
"8546","uri",1,0,1
"8547","urock",1,1,0
"8548","urquhart",1,1,0
"8549","urwelc",1,1,0
"8550","usag",1,0,1
"8551","usagi",1,1,0
"8552","usah",1,1,0
"8553","usernam",1,1,0
"8554","usiran",1,0,1
"8555","uss",1,0,1
"8556","ut",1,0,1
"8557","utc",1,1,0
"8558","utd",1,0,1
"8559","uuu",1,0,1
"8560","uuughhhh",1,0,1
"8561","uve",1,0,1
"8562","uwes",1,0,1
"8563","ux",1,1,0
"8564","uxoxolov",1,1,0
"8565","uy",1,0,1
"8566","va",1,0,1
"8567","vacant",1,1,0
"8568","vaccin",1,0,1
"8569","vagina",1,0,1
"8570","vaing642",1,1,0
"8571","vainglori",1,1,0
"8572","vale",1,0,1
"8573","valencia",1,1,0
"8574","vall",1,1,0
"8575","valuabl",1,1,0
"8576","vam",1,0,1
"8577","vandag",1,0,1
"8578","vandr",1,1,0
"8579","vanilla",1,0,1
"8580","vantast",1,1,0
"8581","varieti",1,1,0
"8582","varsiti",1,0,1
"8583","vault",1,1,0
"8584","vava",1,0,1
"8585","vaw",1,0,1
"8586","vball",1,1,0
"8587","vc",1,1,0
"8588","veeeeerri",1,0,1
"8589","veget",1,0,1
"8590","vegetarian",1,1,0
"8591","veggi",1,1,0
"8592","vein",1,1,0
"8593","velvet",1,0,1
"8594","venom",1,0,1
"8595","ventur",1,1,0
"8596","venu",1,0,1
"8597","venuss",1,0,1
"8598","ver",1,0,1
"8599","verfi",1,0,1
"8600","verg",1,1,0
"8601","veri",1,1,0
"8602","verit",1,0,1
"8603","vers",1,1,0
"8604","vertigo",1,0,1
"8605","vet",1,0,1
"8606","vex",1,1,0
"8607","viabl",1,1,0
"8608","vianey",1,1,0
"8609","viath",1,0,1
"8610","viazi",1,0,1
"8611","viber",1,0,1
"8612","vibrant",1,1,0
"8613","vibrat",1,0,1
"8614","vic",1,0,1
"8615","vicious",1,0,1
"8616","vicki",1,0,1
"8617","victori",1,0,1
"8618","victoria",1,0,1
"8619","victoriaamberlunaand",1,0,1
"8620","victoriasecret",1,1,0
"8621","videoburnt",1,1,0
"8622","videogam",1,1,0
"8623","videograph",1,1,0
"8624","vidic",1,0,1
"8625","vietnam",1,0,1
"8626","viewer",1,0,1
"8627","vii",1,1,0
"8628","vike",1,1,0
"8629","vikk",1,1,0
"8630","villag",1,0,1
"8631","vin",1,0,1
"8632","vincent",1,1,0
"8633","vinegar",1,0,1
"8634","viner",1,0,1
"8635","vineswith",1,1,0
"8636","vinni",1,1,0
"8637","vinylbear",1,1,0
"8638","vip",1,0,1
"8639","viparita",1,1,0
"8640","vipgener",1,1,0
"8641","visa",1,1,0
"8642","vishaya",1,0,1
"8643","vishwa",1,0,1
"8644","vist",1,0,1
"8645","vitamin",1,0,1
"8646","viva",1,1,0
"8647","vivian",1,0,1
"8648","vlog",1,0,1
"8649","vodka",1,1,0
"8650","void",1,1,0
"8651","volta",1,1,0
"8652","vomit",1,0,1
"8653","votejkt48id",1,1,0
"8654","voucher",1,1,0
"8655","vr",1,1,0
"8656","vscocam",1,1,0
"8657","vscocousin",1,1,0
"8658","vscogood",1,1,0
"8659","vscoph",1,1,0
"8660","vscophil",1,1,0
"8661","vuli",1,1,0
"8662","vv",1,0,1
"8663","wa",1,0,1
"8664","waa",1,0,1
"8665","waaaaa",1,0,1
"8666","waah",1,0,1
"8667","wacha",1,0,1
"8668","wacki",1,1,0
"8669","waduhpant",1,0,1
"8670","wae",1,0,1
"8671","waffl",1,0,1
"8672","wahahaah",1,1,0
"8673","waifu",1,0,1
"8674","wail",1,0,1
"8675","wailay",1,0,1
"8676","waist",1,0,1
"8677","waiter",1,1,0
"8678","wakeup",1,1,0
"8679","wala",1,0,1
"8680","walang",1,0,1
"8681","walangmakakapigilsakin",1,1,0
"8682","walao",1,0,1
"8683","walay",1,0,1
"8684","wale",1,1,0
"8685","wali",1,0,1
"8686","walkersmithway",1,1,0
"8687","walkin",1,1,0
"8688","walmart",1,1,0
"8689","walnut",1,0,1
"8690","wana",1,1,0
"8691","wareh",1,1,0
"8692","warehous",1,1,0
"8693","warfar",1,0,1
"8694","warlock",1,1,0
"8695","warmest",1,0,1
"8696","warn",1,0,1
"8697","warnaaaaaaa",1,0,1
"8698","warranti",1,0,1
"8699","warrior",1,0,1
"8700","waseem",1,1,0
"8701","watchdog",1,0,1
"8702","wavi",1,0,1
"8703","wayanad",1,1,0
"8704","wayanadan",1,1,0
"8705","wayenjoy",1,1,0
"8706","wayhh",1,0,1
"8707","waytoliveahappylif",1,1,0
"8708","wba",1,0,1
"8709","wbu",1,0,1
"8710","wd",1,1,0
"8711","weaker",1,0,1
"8712","wealth",1,1,0
"8713","wearig",1,0,1
"8714","webtogsaward",1,1,0
"8715","webz",1,1,0
"8716","weddingflow",1,0,1
"8717","weebli",1,1,0
"8718","weekendofmad",1,0,1
"8719","weekendsunshinerain",1,1,0
"8720","weeko",1,0,1
"8721","weeni",1,1,0
"8722","weh",1,0,1
"8723","weirddd",1,0,1
"8724","welcomahav",1,1,0
"8725","welder",1,0,1
"8726","wellington",1,1,0
"8727","weltum",1,1,0
"8728","wena",1,0,1
"8729","wentz",1,0,1
"8730","werent",1,1,0
"8731","werk",1,0,1
"8732","wese",1,1,0
"8733","wesen",1,0,1
"8734","westandwithik",1,1,0
"8735","wetherspoon",1,0,1
"8736","wew",1,0,1
"8737","wewanticecream",1,0,1
"8738","wft",1,0,1
"8739","wgm",1,1,0
"8740","wguest",1,1,0
"8741","wh",1,0,1
"8742","whaaaaaaaaaat",1,0,1
"8743","whaaaaaat",1,0,1
"8744","whaaat",1,0,1
"8745","whack",1,0,1
"8746","whahahaha",1,1,0
"8747","whammi",1,0,1
"8748","whangarei",1,1,0
"8749","whatchya",1,0,1
"8750","whatisyourfashion",1,1,0
"8751","whatp",1,0,1
"8752","whatthefuck",1,0,1
"8753","whattsap",1,0,1
"8754","whay",1,0,1
"8755","wheeeeeeeeeeeeeeeen",1,1,0
"8756","wheel",1,0,1
"8757","wheelchair",1,0,1
"8758","wheredoistart",1,1,0
"8759","whereisthesun",1,0,1
"8760","wherev",1,1,0
"8761","whet",1,1,0
"8762","whhr",1,0,1
"8763","whimper",1,0,1
"8764","whisper",1,1,0
"8765","whistl",1,0,1
"8766","whit",1,0,1
"8767","whitey",1,1,0
"8768","whn",1,1,0
"8769","whomosexu",1,1,0
"8770","whoooah",1,1,0
"8771","whose",1,1,0
"8772","whsmith",1,1,0
"8773","wht",1,0,1
"8774","whyd",1,1,0
"8775","whyjust",1,0,1
"8776","whyyyy",1,0,1
"8777","whyyyyyy",1,0,1
"8778","whyyyyyyi",1,0,1
"8779","whyyyyyyyyyyyy",1,0,1
"8780","wi",1,0,1
"8781","wider",1,0,1
"8782","wielli",1,1,0
"8783","wiff",1,0,1
"8784","wil",1,1,0
"8785","willi",1,0,1
"8786","william",1,0,1
"8787","willlow",1,0,1
"8788","willmissyouparijat",1,0,1
"8789","wimbledon",1,1,0
"8790","wimbledonr",1,1,0
"8791","winchest",1,0,1
"8792","windows10",1,1,0
"8793","windowsphon",1,0,1
"8794","winehous",1,1,0
"8795","wingstop",1,0,1
"8796","wip",1,1,0
"8797","wirh",1,1,0
"8798","wise",1,1,0
"8799","witcher",1,0,1
"8800","wiv",1,0,1
"8801","wiw",1,1,0
"8802","wknd",1,1,0
"8803","wkwkw",1,0,1
"8804","wlan",1,1,0
"8805","wna",1,0,1
"8806","wnt",1,0,1
"8807","wo",1,0,1
"8808","woaah",1,0,1
"8809","wohooyou",1,1,0
"8810","wolrd",1,0,1
"8811","wolverin",1,0,1
"8812","wonderfulgreat",1,1,0
"8813","wong",1,0,1
"8814","wooden",1,0,1
"8815","woodford",1,1,0
"8816","wooohooo",1,1,0
"8817","wordoftheweek",1,1,0
"8818","workhard",1,1,0
"8819","workin",1,0,1
"8820","workingonatightschedul",1,0,1
"8821","workinprogress",1,1,0
"8822","worldnelson",1,1,0
"8823","wotot",1,1,0
"8824","wotw",1,1,0
"8825","wound",1,0,1
"8826","wout",1,0,1
"8827","wowza",1,0,1
"8828","woza",1,0,1
"8829","wrack",1,0,1
"8830","wreck",1,0,1
"8831","wrip",1,1,0
"8832","wrist",1,0,1
"8833","wrocilam",1,0,1
"8834","wru",1,0,1
"8835","wtfff",1,0,1
"8836","wtfi",1,0,1
"8837","wua",1,0,1
"8838","wub",1,1,0
"8839","wut",1,0,1
"8840","wwoooo",1,1,0
"8841","wynter",1,1,0
"8842","wz",1,1,0
"8843","x10",1,1,0
"8844","x11",1,1,0
"8845","x12",1,1,0
"8846","x13",1,1,0
"8847","x14",1,1,0
"8848","x15",1,1,0
"8849","x15316",1,0,1
"8850","x15317",1,0,1
"8851","x15318",1,0,1
"8852","x15319",1,0,1
"8853","x15320",1,0,1
"8854","x15321",1,0,1
"8855","x15322",1,0,1
"8856","x15323",1,0,1
"8857","x15324",1,0,1
"8858","x15325",1,0,1
"8859","x15326",1,0,1
"8860","x15327",1,0,1
"8861","x15328",1,0,1
"8862","x15329",1,0,1
"8863","x15330",1,0,1
"8864","x15331",1,0,1
"8865","x15332",1,0,1
"8866","x15333",1,0,1
"8867","x15334",1,0,1
"8868","x15335",1,0,1
"8869","x15336",1,0,1
"8870","x15337",1,0,1
"8871","x15338",1,0,1
"8872","x15339",1,0,1
"8873","x15340",1,0,1
"8874","x15341",1,0,1
"8875","x15342",1,0,1
"8876","x15343",1,0,1
"8877","x15344",1,0,1
"8878","x15345",1,0,1
"8879","x15346",1,0,1
"8880","x15347",1,0,1
"8881","x15348",1,0,1
"8882","x15349",1,0,1
"8883","x15350",1,0,1
"8884","x16",1,1,0
"8885","x17",1,1,0
"8886","x18",1,1,0
"8887","x19",1,1,0
"8888","x2",1,1,0
"8889","x20",1,1,0
"8890","x21",1,1,0
"8891","x22",1,1,0
"8892","x23",1,1,0
"8893","x24",1,1,0
"8894","x25",1,1,0
"8895","x26",1,1,0
"8896","x27",1,1,0
"8897","x28",1,1,0
"8898","x29",1,1,0
"8899","x3",1,1,0
"8900","x30",1,1,0
"8901","x31",1,1,0
"8902","x32",1,1,0
"8903","x33",1,1,0
"8904","x34",1,1,0
"8905","x36",1,1,0
"8906","x37",1,1,0
"8907","x38",1,1,0
"8908","x39",1,1,0
"8909","x4",1,1,0
"8910","x40",1,1,0
"8911","x41",1,1,0
"8912","x42",1,1,0
"8913","x43",1,1,0
"8914","x45",1,1,0
"8915","x46",1,1,0
"8916","x5",1,1,0
"8917","x6",1,1,0
"8918","x7",1,1,0
"8919","x8",1,1,0
"8920","x9",1,1,0
"8921","xavier",1,1,0
"8922","xboxon",1,1,0
"8923","xcylin",1,1,0
"8924","xenophob",1,0,1
"8925","xfile",1,1,0
"8926","xi",1,0,1
"8927","xiu",1,0,1
"8928","xmas",1,1,0
"8929","xpax",1,1,0
"8930","xpress",1,0,1
"8931","xray",1,0,1
"8932","xst",1,1,0
"8933","xue",1,0,1
"8934","xxxibmchll",1,1,0
"8935","xxxxxxx",1,1,0
"8936","yaaaaaaaay",1,1,0
"8937","yaaaah",1,1,0
"8938","yaaah",1,1,0
"8939","yaad",1,1,0
"8940","yaadein",1,0,1
"8941","yaap",1,1,0
"8942","yach",1,0,1
"8943","yacht",1,1,0
"8944","yael",1,1,0
"8945","yahuda",1,1,0
"8946","yako",1,1,0
"8947","yang",1,1,0
"8948","yapster",1,1,0
"8949","yar",1,0,1
"8950","yard",1,1,0
"8951","yass",1,0,1
"8952","yasss",1,0,1
"8953","yasu",1,1,0
"8954","yayayayay",1,1,0
"8955","yaytheylookgreat",1,1,0
"8956","yday",1,1,0
"8957","yeaaaah",1,1,0
"8958","yeap",1,1,0
"8959","yeeaayi",1,1,0
"8960","yeeeeah",1,1,0
"8961","yeeeeyyy",1,1,0
"8962","yeeew",1,1,0
"8963","yeey",1,1,0
"8964","yeh",1,0,1
"8965","yeheyi",1,1,0
"8966","yein",1,1,0
"8967","yelaaaaaaa",1,0,1
"8968","yello",1,1,0
"8969","yepp",1,1,0
"8970","yepproud",1,1,0
"8971","yesbut",1,1,0
"8972","yescant",1,0,1
"8973","yesha",1,1,0
"8974","yessss",1,1,0
"8975","yester",1,0,1
"8976","yesth",1,1,0
"8977","yey",1,1,0
"8978","yeyi",1,0,1
"8979","yg",1,0,1
"8980","yhm",1,0,1
"8981","yhoooooo",1,1,0
"8982","yield",1,0,1
"8983","yippe",1,1,0
"8984","yippee",1,1,0
"8985","yippppi",1,1,0
"8986","yisss",1,1,0
"8987","yk",1,0,1
"8988","ykr",1,1,0
"8989","ylona",1,0,1
"8990","yna",1,0,1
"8991","yodel",1,0,1
"8992","yoghurt",1,1,0
"8993","yok",1,1,0
"8994","yongb",1,0,1
"8995","yoona",1,1,0
"8996","yoot",1,1,0
"8997","york",1,1,0
"8998","yosh",1,1,0
"8999","yot",1,0,1
"9000","youand",1,1,0
"9001","youd",1,0,1
"9002","youll",1,1,0
"9003","yoult33",1,0,1
"9004","youn",1,1,0
"9005","youngja",1,0,1
"9006","youngnaturallead",1,1,0
"9007","youre15",1,1,0
"9008","yournaturallead",1,1,0
"9009","yousad",1,0,1
"9010","youthat",1,0,1
"9011","youthcelebr",1,1,0
"9012","youtube2gpctsojkw",1,0,1
"9013","youuuuuu",1,0,1
"9014","youuuuuuu",1,1,0
"9015","youv",1,1,0
"9016","yujin",1,1,0
"9017","yūjōcosplay",1,1,0
"9018","yuki",1,0,1
"9019","yukichan",1,1,0
"9020","yulin",1,0,1
"9021","yummmm",1,1,0
"9022","yummmyyi",1,1,0
"9023","yummyjust",1,0,1
"9024","yumuyoutub",1,0,1
"9025","yumyum",1,0,1
"9026","yun",1,0,1
"9027","yuppiiee",1,1,0
"9028","yvett",1,1,0
"9029","zac",1,1,0
"9030","zack",1,1,0
"9031","zain",1,1,0
"9032","zamn",1,0,1
"9033","zant",1,0,1
"9034","zap",1,0,1
"9035","zara",1,0,1
"9036","zareen",1,1,0
"9037","zayyyyyn",1,0,1
"9038","zaz",1,0,1
"9039","zdps",1,1,0
"9040","zealand",1,1,0
"9041","zehr",1,0,1
"9042","zenmat",1,0,1
"9043","zephbot",1,1,0
"9044","zero",1,0,1
"9045","zikra",1,0,1
"9046","zipper",1,0,1
"9047","zodiac",1,1,0
"9048","zoe",1,1,0
"9049","zokay",1,0,1
"9050","zone",1,0,1
"9051","zoom",1,0,1
"9052","zopiclon",1,0,1
"9053","zumba",1,0,1
"9054","zy",1,1,0
"9055","zz",1,0,1
"9056","zzzz",1,0,1
"9057","zzzzzzpleas",1,0,1
"9058","фотосет",1,0,1
"9059","العنزي",1,1,0
"9060","بندر",1,1,0
"9061","تكفى",1,0,1
"9062","جمعةمباركة",1,1,0
"9063","دعمم",1,1,0
"9064","عن",1,1,0
"9065","للحياة",1,1,0
"9066","للعودة",1,1,0
"9067","مطعمهاشم",1,1,0
"9068","एक",1,0,1
"9069","धोखा",1,0,1
"9070","फिर",1,0,1
"9071","बार",1,0,1
"9072","सेँ",1,0,1
"9073","인피니트",1,0,1
